# Format: McCode with text headers
# URL: http://www.mccode.org
# Creator:  3.99.99, git
# Instrument: ODIN_MCPL_TOF_train4.instr
# Ncount: 12787302
# Trace: no
# Gravitation: no
# TOF_TRAIN: 100
# Seed: 1000
# Directory: Filterscan/0
# Nodes: 12
# Param: l_min=1
# Param: l_max=11
# Param: n_pulses=1
# Param: wfm_delta=0.3
# Param: bp_frequency=7
# Param: WFM1_phase_offset=0
# Param: jitter_wfmc_1=0
# Param: WFM2_phase_offset=0
# Param: jitter_wfmc_2=0
# Param: fo1_phase_offset=0
# Param: jitter_fo_chopper_1=0
# Param: bp1_phase_offset=0
# Param: jitter_bp1=0
# Param: fo2_phase_offset=0
# Param: jitter_fo_chopper_2=0
# Param: bp2_phase_offset=0
# Param: jitter_bp2=0
# Param: t0_phase_offset=0
# Param: jit_t0_sec=0
# Param: fo3_phase_offset=0
# Param: jitter_fo_chopper_3=0
# Param: fo4_phase_offset=0
# Param: jitter_fo_chopper_4=0
# Param: fo5_phase_offset=0
# Param: jitter_fo_chopper_5=0
# Param: choppers=2
# Param: target_tsplit=3
# Param: filter=0
# Param: repeat=1
# Param: v_smear=0.1
# Param: pos_smear=0.01
# Param: dir_smear=0.01
# Date: Sun Mar  1 17:38:51 2026 (1772383131)
# type: array_1d(300)
# Source: ODIN_MCPL_baseline (ODIN_MCPL_TOF_train4.instr)
# component: profile_x
# position: 49.4198 0 -35.0741
# title: x [m] monitor
# Ncount: 153447624
# filename: profile_x.dat
# statistics: X0=-0.0038853; dX=0.0781448;
# signal: Min=464149; Max=4.07967e+07; Mean=8.03108e+06;
# values: 2.40932e+09 8.17576e+07 44025
# xvar: x
# yvar: (I,I_err)
# xlabel: x [m]
# ylabel: Intensity [n/s/bin]
# xlimits: -0.15 0.15
# variables: x I I_err N
-0.1495 9203390.612 5440190.841 94 
-0.1485 7964915.013 5756916.883 79 
-0.1475 3528276.31 3027274.129 86 
-0.1465 1880769.163 1388212.732 75 
-0.1455 682652.2786 333338.7833 82 
-0.1445 15488005.67 7471630.031 88 
-0.1435 6943271.819 2786428.003 90 
-0.1425 14569783.4 8161398.98 87 
-0.1415 4009649.999 2283222.144 74 
-0.1405 11107123.98 6142415.622 95 
-0.1395 7571591.405 3328613.701 110 
-0.1385 7395258.383 4704323.38 102 
-0.1375 4924145.957 2764811.292 84 
-0.1365 9615543.848 6144305.17 98 
-0.1355 5382774.564 2472758.951 96 
-0.1345 3584524.039 1640244.393 84 
-0.1335 6198472.968 2848798.636 97 
-0.1325 6680005.788 3005428.442 101 
-0.1315 3494102.662 2000129.269 91 
-0.1305 5510042.536 2796305.137 98 
-0.1295 9353832.748 5638397.89 112 
-0.1285 7311311.774 3629286.394 101 
-0.1275 2210952.475 1280478.062 108 
-0.1265 3995401.081 1978006.587 105 
-0.1255 5485734.599 4155666.289 86 
-0.1245 7982914.8 3258008.671 114 
-0.1235 6088797.775 2608677.818 113 
-0.1225 2390938.66 1246758.956 103 
-0.1215 9542808.685 4821495.402 108 
-0.1205 7654628.545 4625161.86 118 
-0.1195 6584835.562 3332848.385 97 
-0.1185 3984687.955 2255643.896 128 
-0.1175 6032041.079 2874511.791 112 
-0.1165 4532745.49 1856347.322 119 
-0.1155 951737.1398 544686.1678 99 
-0.1145 1912952.773 1259139.791 121 
-0.1135 11472045.72 8026780.196 113 
-0.1125 4669940.208 2284220.61 125 
-0.1115 14573572.06 8706085.191 121 
-0.1105 4616557.37 2543732.499 111 
-0.1095 5182391.99 2406736.121 128 
-0.1085 8451971.886 5231611.648 105 
-0.1075 7351458.248 3317774.723 130 
-0.1065 5638733.612 3629086.319 110 
-0.1055 464149.0508 207411.6214 113 
-0.1045 4303672.584 2764329.823 126 
-0.1035 4207973.942 2084049.921 120 
-0.1025 6074753.296 2783167.292 129 
-0.1015 1579988.227 1052106.651 102 
-0.1005 15274158.14 6722653.051 116 
-0.0995 9814500.001 5014339.223 107 
-0.0985 4144515.975 3188661.843 122 
-0.0975 3903119.938 1937060.183 129 
-0.0965 2781379.726 1181420.086 120 
-0.0955 1476232.684 892039.5926 94 
-0.0945 8980342.32 5268693.147 132 
-0.0935 7199477.033 3070878.135 132 
-0.0925 8135478.179 3134456.698 134 
-0.0915 2483048.134 1465183.875 140 
-0.0905 3490439.597 2064472.216 121 
-0.0895 2552118.012 840225.1103 138 
-0.0885 6534567.525 2912233.067 138 
-0.0875 4074925.539 2095064.81 125 
-0.0865 3502186.424 1737578.835 132 
-0.0855 12581962.13 4126979.384 124 
-0.0845 7952383.933 4657519.648 111 
-0.0835 5684391.816 3374381.763 119 
-0.0825 8433554.998 3392060.727 139 
-0.0815 3545496.69 1808790.414 136 
-0.0805 11253931.95 4795236.789 131 
-0.0795 9468797.346 3999464.66 141 
-0.0785 5207487.704 2662111.514 157 
-0.0775 10602979.22 7942254.14 144 
-0.0765 8530694.559 3680959.002 132 
-0.0755 7217234.359 2551847.601 149 
-0.0745 16205173.4 7187520.331 159 
-0.0735 3335104.968 1708119.328 139 
-0.0725 13478867.92 4369771.636 169 
-0.0715 10476281.61 4297318.227 163 
-0.0705 9048765.033 3067863.121 159 
-0.0695 15424040.47 5316457.745 153 
-0.0685 7802885.496 3694116.373 176 
-0.0675 10108747.78 4206568.863 188 
-0.0665 5048329.683 2076896.792 167 
-0.0655 9603357.218 3973598.142 183 
-0.0645 6371363.985 1958821.01 187 
-0.0635 15826604.91 5540715.936 191 
-0.0625 10851598.15 3942044.165 185 
-0.0615 23021780.18 7668554.686 189 
-0.0605 4463706.829 2131685.222 194 
-0.0595 7716558.269 4483652.303 171 
-0.0585 10211190.4 3165823.981 212 
-0.0575 7727694.254 2963293.191 197 
-0.0565 10964689.52 5251951.163 198 
-0.0555 9063674.888 3305467.107 200 
-0.0545 10752375.89 4610908.211 202 
-0.0535 7767225.564 3443328.34 187 
-0.0525 12649806.51 4166393.809 192 
-0.0515 10916118.34 4433853.799 198 
-0.0505 4078965.415 1924201.851 207 
-0.0495 4376697.721 1666922.113 176 
-0.0485 40796670.61 35634990.6 180 
-0.0475 9460609.062 4283018.075 189 
-0.0465 21946793.55 12803078.65 192 
-0.0455 9162226.56 6248435.824 197 
-0.0445 7791331.314 4276539.531 227 
-0.0435 9947728.654 4147104.404 188 
-0.0425 8779672.464 3917297.715 208 
-0.0415 21651959.13 9077828.192 179 
-0.0405 15555124.92 10450743.42 191 
-0.0395 13363154.85 5343299.38 175 
-0.0385 3937382.219 2276740.126 173 
-0.0375 11935485.8 5364698.399 187 
-0.0365 3143008.871 1398172.416 188 
-0.0355 4499949.028 2184319.828 183 
-0.0345 30308833.91 10344495.99 189 
-0.0335 9213608.865 3412740.373 196 
-0.0325 5028215.02 2226816.107 170 
-0.0315 4887179.839 2179234.309 178 
-0.0305 15499482.04 6443108.507 198 
-0.0295 7705663.895 3151829.449 221 
-0.0285 18654930.01 6858630.295 220 
-0.0275 4374721.98 1541161.614 191 
-0.0265 10906010.56 4749876.889 206 
-0.0255 10439825.75 3379437.56 232 
-0.0245 9292117.323 5180956.01 214 
-0.0235 6184740.89 2990564.769 212 
-0.0225 7902765.899 3605376.999 172 
-0.0215 16178146.21 5964418.322 189 
-0.0205 7859319.62 2946422.309 171 
-0.0195 10896680.02 4193740.825 192 
-0.0185 9610717.923 4601107.938 228 
-0.0175 11803160.88 4869436.576 206 
-0.0165 4301679.279 1975529.638 201 
-0.0155 5937299.366 2354542.735 192 
-0.0145 13797720.27 8175596.998 207 
-0.0135 9731141.981 5985081.748 203 
-0.0125 4252267.651 1530438.432 197 
-0.0115 3286083.354 1245984.548 183 
-0.0105 4333621.429 2493575.687 199 
-0.0095 8935898.352 3482046.797 195 
-0.0085 12307282.15 4331575.85 193 
-0.0075 6392124.065 2685038.333 218 
-0.0065 11346693.46 4753995.641 195 
-0.0055 7261620.732 2279393.673 213 
-0.0045 24453206.07 8092230.302 230 
-0.0035 3137284.905 2409793.904 195 
-0.0025 7829098.111 2950628.644 191 
-0.0015 33343026.96 16362112.93 192 
-0.0005 11339039.22 5126152.686 202 
0.0005 3463057.284 2993160.849 197 
0.0015 8461535.033 4298813.955 203 
0.0025 4432357.408 2181778.084 234 
0.0035 9726936.035 4160329.31 217 
0.0045 15627079.37 6301117.731 177 
0.0055 7304299.245 3302634.397 176 
0.0065 7778147.636 2933022.988 191 
0.0075 9144162.35 3740781.92 200 
0.0085 14189269.08 5641155.99 175 
0.0095 8785718.848 3295821.67 194 
0.0105 5173931.086 1807763.486 199 
0.0115 13507337.63 5826389.115 204 
0.0125 13329368.24 5241756.254 179 
0.0135 13983443.92 5256905.087 202 
0.0145 13790599.98 6221287.192 194 
0.0155 11419746.31 6850384.348 187 
0.0165 17693851.08 5891934.984 203 
0.0175 8625678.918 4484723.514 204 
0.0185 14139513.19 4516407.492 173 
0.0195 10729361.04 4628383.797 198 
0.0205 8117827.587 3461456.482 205 
0.0215 9683420.811 3323479.218 201 
0.0225 11128423.13 4593201.305 216 
0.0235 9965068.33 4554438.125 190 
0.0245 8882123.003 3381822.858 204 
0.0255 8300282.389 3243795.557 185 
0.0265 7446146.69 2696693.714 187 
0.0275 9530130.543 3420454.378 186 
0.0285 10182921.46 5978549.062 193 
0.0295 7945912.328 4593370.092 181 
0.0305 4001979.337 1544261.022 193 
0.0315 9051184.538 3155786.089 215 
0.0325 4875914.219 1590242.437 193 
0.0335 15173686.47 7256759.135 210 
0.0345 5666760.392 3707322.95 160 
0.0355 9352517.462 2891349.159 169 
0.0365 8493100.676 3040409.559 180 
0.0375 14415668.52 6231962.467 195 
0.0385 3429017.32 1527903.861 191 
0.0395 5917087.437 2472485.565 190 
0.0405 10181904.64 4304429.6 195 
0.0415 10992122.11 4577438.187 195 
0.0425 8336605.705 3974832.819 179 
0.0435 6106647.492 2376645.91 177 
0.0445 4162267.296 2491502.827 174 
0.0455 11541685.23 4629268.603 169 
0.0465 15503885.13 5780166.087 191 
0.0475 15594644 7344004.438 187 
0.0485 1474670.3 638519.8546 170 
0.0495 5198976.351 2997816.696 165 
0.0505 6140848.147 3351782.829 180 
0.0515 3128176.362 1017477.145 178 
0.0525 2167270.559 835888.2525 170 
0.0535 4342552.457 1953615.753 171 
0.0545 9405788.171 2999702.249 162 
0.0555 4700436.852 1640450.644 184 
0.0565 6534768.755 2672123.258 154 
0.0575 6702132.389 2414581.31 162 
0.0585 4591915.882 2051657.573 153 
0.0595 7620177.267 4944485.974 160 
0.0605 6111148.226 2565026.47 151 
0.0615 3212614.031 2177047.884 128 
0.0625 12500142.34 5188530.415 171 
0.0635 12892019.03 4950981.631 158 
0.0645 11148095.8 6356218.913 136 
0.0655 8622913.185 6892631.621 147 
0.0665 6074730.064 2580320.485 131 
0.0675 6825003.332 3040437.393 141 
0.0685 5159142.753 1747511.409 147 
0.0695 9254086.996 6150282.996 125 
0.0705 8273175.519 3269198.925 138 
0.0715 11722408.89 3486152.53 146 
0.0725 3467043.068 1342242.536 133 
0.0735 3477085.017 1555629.989 140 
0.0745 12429699.41 5311807.182 130 
0.0755 8419911.388 3121258.829 116 
0.0765 4901909.862 1918127.673 136 
0.0775 9025125.533 4165932.351 130 
0.0785 4293139.71 2110897.869 112 
0.0795 8841348.116 4177479.393 124 
0.0805 11688696.93 5573564.272 117 
0.0815 11430532.97 4975806.472 134 
0.0825 3786009.565 1861395.856 115 
0.0835 5434494.629 2019489.269 101 
0.0845 11342015.06 6357416.546 131 
0.0855 15380135.19 6091162.209 125 
0.0865 5699064.844 2263560.293 124 
0.0875 8945607.111 3091308.753 103 
0.0885 7710682.096 4687792.251 106 
0.0895 2775178.508 1852020.853 120 
0.0905 9166364.778 3061455.586 114 
0.0915 4564438.67 3321578.33 123 
0.0925 13317716.57 5374172.019 109 
0.0935 8321778.985 5864307.763 103 
0.0945 3192499.554 1482124.99 117 
0.0955 4906259.915 2013006.149 107 
0.0965 15203882.44 7996567.837 85 
0.0975 2674518.559 1180655.657 115 
0.0985 7300788.802 2770035.981 119 
0.0995 2174228.974 955697.9488 110 
0.1005 9227865.097 4978908.578 111 
0.1015 3680007.642 1584599.987 100 
0.1025 4933357.905 3174333.828 116 
0.1035 9287634.274 4277173.712 122 
0.1045 5220138.186 2824908.945 115 
0.1055 5903099.771 3245317.206 124 
0.1065 5843989.26 2247293.267 99 
0.1075 8275526.23 4601853.331 95 
0.1085 2371655.56 1203721.293 107 
0.1095 2802997.761 1700643.432 95 
0.1105 6087504.246 3305980.694 102 
0.1115 9045622.616 3926747.438 94 
0.1125 2374638.375 968582.4029 101 
0.1135 750797.2281 487363.3987 110 
0.1145 7500562.191 3183482.153 103 
0.1155 21921497.91 14124952.83 119 
0.1165 7426008.235 2651860.341 103 
0.1175 17878513.18 7728967.108 94 
0.1185 2462933.651 1163131.798 90 
0.1195 3547679.931 1644125.954 97 
0.1205 7532020.914 5222832.968 94 
0.1215 3970798.299 1578183.793 102 
0.1225 3505671.646 2198173.838 127 
0.1235 2494372.581 1364690.951 80 
0.1245 2612128.137 1354357.534 97 
0.1255 1837346.952 1023367.534 88 
0.1265 11073595.54 6318754.496 110 
0.1275 4095856.87 2470150.733 108 
0.1285 6140452.641 4037503.836 110 
0.1295 10752195.11 4887174.549 80 
0.1305 6283635.091 3233852.826 102 
0.1315 2111634.08 1328728.085 88 
0.1325 5365535.245 2273323.694 97 
0.1335 6617921.69 3074930.283 102 
0.1345 8268653.338 3556220.052 103 
0.1355 11129753.55 5492091.371 95 
0.1365 596832.3589 326892.7489 96 
0.1375 3347637.148 2443655.138 93 
0.1385 2971489.694 2068605.314 91 
0.1395 1723290.643 803537.4873 91 
0.1405 8139162.188 4237910.799 85 
0.1415 2148820.515 1000691.979 90 
0.1425 6298898.652 2758137.376 112 
0.1435 6829206.122 4268124.314 96 
0.1445 2646526.128 1365190.829 96 
0.1455 1918627.38 1044055.822 69 
0.1465 12809826.04 7184257.844 100 
0.1475 2244213.097 1434034.255 71 
0.1485 1958582.153 1855640.731 81 
0.1495 3242648.083 1456177.555 88 
