# Format: McCode with text headers
# URL: http://www.mccode.org
# Creator:  3.99.99, git
# Instrument: ODIN_MCPL_TOF_train4.instr
# Ncount: 12787302
# Trace: no
# Gravitation: no
# TOF_TRAIN: 100
# Seed: 1000
# Directory: Filterscan/0
# Nodes: 12
# Param: l_min=1
# Param: l_max=11
# Param: n_pulses=1
# Param: wfm_delta=0.3
# Param: bp_frequency=7
# Param: WFM1_phase_offset=0
# Param: jitter_wfmc_1=0
# Param: WFM2_phase_offset=0
# Param: jitter_wfmc_2=0
# Param: fo1_phase_offset=0
# Param: jitter_fo_chopper_1=0
# Param: bp1_phase_offset=0
# Param: jitter_bp1=0
# Param: fo2_phase_offset=0
# Param: jitter_fo_chopper_2=0
# Param: bp2_phase_offset=0
# Param: jitter_bp2=0
# Param: t0_phase_offset=0
# Param: jit_t0_sec=0
# Param: fo3_phase_offset=0
# Param: jitter_fo_chopper_3=0
# Param: fo4_phase_offset=0
# Param: jitter_fo_chopper_4=0
# Param: fo5_phase_offset=0
# Param: jitter_fo_chopper_5=0
# Param: choppers=2
# Param: target_tsplit=3
# Param: filter=0
# Param: repeat=1
# Param: v_smear=0.1
# Param: pos_smear=0.01
# Param: dir_smear=0.01
# Date: Sun Mar  1 17:38:51 2026 (1772383131)
# type: array_1d(300)
# Source: ODIN_MCPL_baseline (ODIN_MCPL_TOF_train4.instr)
# component: profile_y
# position: 49.4198 0 -35.0741
# title: y [m] monitor
# Ncount: 153447624
# filename: profile_y.dat
# statistics: X0=-0.00105397; dX=0.077434;
# signal: Min=390839; Max=4.07404e+07; Mean=8.03108e+06;
# values: 2.40932e+09 8.17576e+07 44025
# xvar: y
# yvar: (I,I_err)
# xlabel: y [m]
# ylabel: Intensity [n/s/bin]
# xlimits: -0.15 0.15
# variables: y I I_err N
-0.1495 9223809.22 5254898.168 98 
-0.1485 390838.7293 263685.3648 109 
-0.1475 538493.5674 432361.2649 96 
-0.1465 2384194.51 2187560.8 92 
-0.1455 8411114.103 5314825.739 107 
-0.1445 3978495.211 3419486.287 99 
-0.1435 6952104.132 3757709.655 115 
-0.1425 3389011.965 2078844.711 107 
-0.1415 2206934.58 1359292.084 96 
-0.1405 4849103.855 2771422.556 112 
-0.1395 5002174.422 3296252.347 139 
-0.1385 14101588.92 7619719.659 138 
-0.1375 7471415.152 4033476.125 107 
-0.1365 4424934.638 2980815.675 93 
-0.1355 8570200.001 4433994.008 108 
-0.1345 3802162.314 2016555.713 120 
-0.1335 9158315.298 3876436.698 107 
-0.1325 8306227.679 4970942.838 103 
-0.1315 2445560.432 1916778.945 124 
-0.1305 2063397.126 1060148.416 111 
-0.1295 1505224.205 915213.7574 124 
-0.1285 3265776.019 2320093.841 113 
-0.1275 3489894.474 1716452.187 126 
-0.1265 3976275.323 2684460.721 116 
-0.1255 4539404.837 2393040.415 98 
-0.1245 4066408.335 2363784.841 123 
-0.1235 4620445.266 2934013.285 135 
-0.1225 2434953.715 1579522.318 133 
-0.1215 8326692.231 4535483.785 123 
-0.1205 3771620.995 2283702.097 130 
-0.1195 21432605.35 14217945.39 150 
-0.1185 6254630.569 3617248.977 133 
-0.1175 12853873.26 7254989.029 132 
-0.1165 4848302.068 3019282.263 127 
-0.1155 2626534.476 1318231.196 127 
-0.1145 2576466.259 1488817.665 124 
-0.1135 3042047.453 1397605.551 110 
-0.1125 4526321.406 3508094.636 136 
-0.1115 8714638.033 4197243.596 126 
-0.1105 8015354.89 4712989.294 135 
-0.1095 11225849.01 4879247.933 120 
-0.1085 3798839.39 3178049.967 129 
-0.1075 6594122.512 4608192.046 126 
-0.1065 10683007.3 4950000.967 152 
-0.1055 8409759.277 6133171.125 143 
-0.1045 5518252.659 2345841.499 147 
-0.1035 22075988.13 10571661.27 155 
-0.1025 9624471.813 5978931.998 144 
-0.1015 1972179.769 936138.2408 134 
-0.1005 8764101.051 3961731.414 137 
-0.0995 6025859.124 2868779.579 131 
-0.0985 4280747.482 2057886.5 122 
-0.0975 13418666.78 6578410.345 146 
-0.0965 7955608.228 3540398.331 146 
-0.0955 5677448.199 3271017.238 132 
-0.0945 4906683.901 2347684.002 154 
-0.0935 1631389.266 810907.5701 148 
-0.0925 14861976.49 12278211.46 130 
-0.0915 6406382.183 3314040.968 154 
-0.0905 2823218.22 1180695.721 184 
-0.0895 6137875.152 4056121.272 136 
-0.0885 9340356.072 4792371.008 152 
-0.0875 7640868.522 3100619.471 153 
-0.0865 6399054.063 3104584.748 128 
-0.0855 26988802.17 13570610.56 149 
-0.0845 5835620.252 2242497.996 140 
-0.0835 4315493.857 2178170.244 166 
-0.0825 4092340.914 1681610.352 145 
-0.0815 3420043.052 1203780.187 154 
-0.0805 4987236.736 1828463.097 124 
-0.0795 6923198.406 3998588.35 142 
-0.0785 4068366.572 2022693.603 161 
-0.0775 5058585.442 2299602.535 155 
-0.0765 7505428.148 2986508.218 129 
-0.0755 8575082.525 4849493.271 167 
-0.0745 2976500.126 1380839.337 134 
-0.0735 10919997.46 4470073.124 154 
-0.0725 13139334.14 8645035.282 164 
-0.0715 7040044.54 2944466.984 138 
-0.0705 9025593.322 5320434.373 153 
-0.0695 15220238 7904236.825 146 
-0.0685 10979365.61 4717702.123 137 
-0.0675 4359491.881 1705156.707 159 
-0.0665 8100952.054 2973516.116 137 
-0.0655 4470785.863 1942752.327 148 
-0.0645 12676463.69 4782422.413 153 
-0.0635 5350946.492 2011499.24 162 
-0.0625 5144583.072 2147710.549 145 
-0.0615 16470926.7 8241682.961 131 
-0.0605 5703196.148 3008133.878 147 
-0.0595 2814329.912 1175179.475 142 
-0.0585 13230897.65 5176810.286 146 
-0.0575 3900537.622 1616900.49 156 
-0.0565 11878485.26 5635946.263 139 
-0.0555 7284051.246 2436492.657 154 
-0.0545 9099351.137 3146102.119 167 
-0.0535 26144006 7798637.417 179 
-0.0525 10164432.61 4458417.782 155 
-0.0515 12084339.56 3840558.26 148 
-0.0505 6536231.974 2376067.723 164 
-0.0495 12348065.18 3729920.763 164 
-0.0485 3511575.377 1713908.276 151 
-0.0475 9796660.944 6058357.355 149 
-0.0465 14064834.08 5542245.483 172 
-0.0455 7434546.127 3169580.351 147 
-0.0445 6037329.409 2442011.218 164 
-0.0435 9086646.783 3328751.486 156 
-0.0425 11101477.46 4929802.012 157 
-0.0415 4299195.965 1961874.414 135 
-0.0405 8321253.852 3313504.557 198 
-0.0395 10522530.76 4643204.205 160 
-0.0385 2233418.543 1117377.511 170 
-0.0375 13142088.03 4425056.559 175 
-0.0365 8621396.539 3805760.028 155 
-0.0355 13888917.77 5842563.898 164 
-0.0345 14293426.29 6784122.287 181 
-0.0335 9839575.822 3395114.352 168 
-0.0325 10823680.24 4198464.83 191 
-0.0315 17974537.6 8226050.005 172 
-0.0305 9697164.901 4273903.071 166 
-0.0295 5668665.004 2652683.68 156 
-0.0285 9317468.51 4615154.833 177 
-0.0275 2939105.992 1222169.55 152 
-0.0265 19178041.67 8505038.47 181 
-0.0255 4583379.97 1673888.851 161 
-0.0245 4915774.264 1976806.137 170 
-0.0235 18366778.67 8137484.819 202 
-0.0225 15910060.9 5712886.269 174 
-0.0215 10206991.62 5088704.804 187 
-0.0205 2968980.006 1345772.136 175 
-0.0195 9130444.935 2808754.473 177 
-0.0185 9354224.839 4146012.466 154 
-0.0175 13575825.2 4860417.541 161 
-0.0165 18239279.22 6478875.866 160 
-0.0155 8532975.445 4512093.73 160 
-0.0145 8461810.366 2912607.856 171 
-0.0135 23418381.91 8631751.438 167 
-0.0125 6819251.76 2921155.77 167 
-0.0115 9604301.533 3692253.966 174 
-0.0105 5506489.436 2440041.949 174 
-0.0095 5468345.663 2319780.187 159 
-0.0085 11390260.42 4653713.882 164 
-0.0075 6175195.116 2951817.014 177 
-0.0065 7564653.705 3479161.418 172 
-0.0055 13401721.11 5678522.593 178 
-0.0045 9329987.68 4265444.535 183 
-0.0035 8813465.005 4092806.326 155 
-0.0025 6827790.344 2795606.137 185 
-0.0015 3755681.031 1720434.828 172 
-0.0005 12331075.57 4052376.188 170 
0.0005 5163101.654 2400021.949 146 
0.0015 11901091.48 5439146.983 186 
0.0025 20242353.95 7280233.108 175 
0.0035 10659168.75 3824336.159 142 
0.0045 2688067.465 967014.2914 154 
0.0055 12720558.08 10063376.65 170 
0.0065 14220395.54 5360502.506 178 
0.0075 7513876.464 2890152.527 154 
0.0085 12941397.63 5516113.237 170 
0.0095 8647395.893 3314445.714 175 
0.0105 7225260.202 2684383.976 173 
0.0115 11582958.46 4569060.419 185 
0.0125 8743044.442 3229003.658 178 
0.0135 7394074.832 3060136.466 174 
0.0145 10075099.45 3625822.323 150 
0.0155 8336401.895 3990315.99 152 
0.0165 5496035.818 2273446.821 164 
0.0175 11607996.02 4240553.447 151 
0.0185 16868470.35 9706093.625 170 
0.0195 12441679.09 5184148.336 158 
0.0205 5466020.643 2720335.271 200 
0.0215 14689052.64 5669393.273 180 
0.0225 7063983.59 3837410.116 181 
0.0235 12927873.34 4007300.005 153 
0.0245 15155168.4 5357910.696 152 
0.0255 11502536.75 4230829.122 158 
0.0265 8023845.051 2939414.443 183 
0.0275 15131650.47 5388080.451 178 
0.0285 14253874.24 6701921.764 191 
0.0295 3093258.707 1296896.769 167 
0.0305 6535289.279 3438695.507 168 
0.0315 10300509.08 5339437.248 191 
0.0325 8479427.534 3401179.596 181 
0.0335 2959393.164 979328.4427 170 
0.0345 3354615.033 1502547.905 165 
0.0355 10540205.27 3775047.526 165 
0.0365 2046091.124 635872.3615 157 
0.0375 13017438.82 5524972.234 179 
0.0385 8954113.912 3251515.225 175 
0.0395 5456136.083 2494159.764 159 
0.0405 8231663.139 5512221.835 142 
0.0415 15101573.92 6778083.855 184 
0.0425 13700186.78 5763144.831 176 
0.0435 1684734.306 830890.0547 151 
0.0445 10258930.43 3552146.201 155 
0.0455 6522921.757 2394165.385 160 
0.0465 3426014.317 1786297.099 149 
0.0475 21018220.24 7962235.632 167 
0.0485 5167453.766 2272945.585 140 
0.0495 10021548.86 5161697.304 164 
0.0505 16588912.05 8587995.032 169 
0.0515 11896966.15 5183657.421 174 
0.0525 4600197.726 1983421.097 177 
0.0535 8055673.076 3266868.383 169 
0.0545 6369184.61 3020271.8 150 
0.0555 8163264.508 6154076.482 159 
0.0565 9445910.21 3338264.256 170 
0.0575 5747743.166 2905192.034 158 
0.0585 10411132.85 4696221.486 163 
0.0595 8138099.12 2753130.395 175 
0.0605 8902964.936 3246827.065 159 
0.0615 7090411.996 2423232.576 159 
0.0625 10549285.18 3566384.869 173 
0.0635 3432167.513 1357631.776 159 
0.0645 11774277.78 5431998.298 150 
0.0655 3820294.136 2188075.592 153 
0.0665 13239488.53 5539230.427 161 
0.0675 6984467.2 2349667.129 154 
0.0685 15992612.21 5381745.437 159 
0.0695 8191570.477 3413706.675 151 
0.0705 14158522.57 5236410.675 141 
0.0715 8367813.034 3844830.961 131 
0.0725 10686592.53 4079738.689 140 
0.0735 7614949.04 4527265.029 143 
0.0745 11338038.71 4349086.912 163 
0.0755 11100416.1 4274775.198 161 
0.0765 5491070.376 2027001.266 141 
0.0775 15963642.77 6461018.85 160 
0.0785 5302070.847 2133116.689 156 
0.0795 5417018.367 2450896.732 190 
0.0805 6272515.236 3892329.801 153 
0.0815 10671350.85 4483081.545 136 
0.0825 1321759.61 661669.4358 164 
0.0835 3689026.052 1778137.456 135 
0.0845 1133768.821 615107.4296 144 
0.0855 9368507.194 3823776.49 156 
0.0865 3442677.55 1494645.806 132 
0.0875 6017948.956 2840412.684 150 
0.0885 6044187.093 3940957.729 147 
0.0895 5730751.582 3590848.261 149 
0.0905 8624738.042 4444190.891 159 
0.0915 11848921.5 6533361.182 133 
0.0925 16989285.09 6936209.724 149 
0.0935 13499098.58 5401672.079 149 
0.0945 15360383.61 8145459.259 148 
0.0955 1792590.49 644795.2214 150 
0.0965 5546563.665 2603764.165 148 
0.0975 12418378.76 6240851.202 125 
0.0985 40740382.88 35700642.54 135 
0.0995 7094577.747 3030634.219 140 
0.1005 6104752.299 2777056.222 126 
0.1015 5178960.871 2732534.274 146 
0.1025 3340193.344 1535429.474 120 
0.1035 4133996.855 1693082.463 131 
0.1045 6146134.123 3438135.114 143 
0.1055 7580340.206 4509993.54 132 
0.1065 1182131.448 630542.9623 124 
0.1075 12980357.88 6900082.788 142 
0.1085 4187652.896 2425815.888 149 
0.1095 5139553.08 3136799.662 149 
0.1105 4628480.628 1842950.071 127 
0.1115 11144312.75 5256422.644 132 
0.1125 1075469.533 902419.463 115 
0.1135 7345447.604 2818449.299 141 
0.1145 8469795.488 5618734.412 145 
0.1155 2897701.657 2558142.657 101 
0.1165 3878696.838 1633440.423 128 
0.1175 1073274.895 484737.2002 117 
0.1185 4711425.312 1777467.418 115 
0.1195 2615390.812 991574.9073 146 
0.1205 5531731.247 3643497.276 117 
0.1215 10892309.64 5966019.731 117 
0.1225 6015831.945 3138968.048 137 
0.1235 2396016.197 1345357.345 122 
0.1245 5051155.718 3579409.83 109 
0.1255 8639006.182 3865838.899 101 
0.1265 5280743.492 2176052.225 134 
0.1275 1663890.119 919996.7803 139 
0.1285 5732164.162 3630650.12 106 
0.1295 5837012.263 2633413.86 119 
0.1305 3351144.153 3046355.045 119 
0.1315 12069065.85 4863739.009 106 
0.1325 2010293.756 1019128.579 136 
0.1335 6217837.544 3442508.12 101 
0.1345 5990694.629 3192971.384 131 
0.1355 11442433.6 4550781.091 99 
0.1365 2569925.625 1327811.165 140 
0.1375 8607888.817 4867843.211 102 
0.1385 3615715.598 1739685.159 105 
0.1395 1067888.049 618265.3781 118 
0.1405 3026716.999 2846694.892 120 
0.1415 4083470.434 3090769.313 113 
0.1425 1930297.654 946385.6559 99 
0.1435 7319556.757 5340129.353 99 
0.1445 7472521.147 3093808.333 106 
0.1455 1690185.185 1206925.669 123 
0.1465 1930146.983 1010103.507 111 
0.1475 3507595.065 1535717.755 115 
0.1485 2408927.442 1207016.977 119 
0.1495 1153359.829 443609.2725 112 
