# Format: McCode with text headers
# URL: http://www.mccode.org
# Creator:  3.99.99, git
# Instrument: ODIN_MCPL_TOF_train4.instr
# Ncount: 12787302
# Trace: no
# Gravitation: no
# TOF_TRAIN: 100
# Seed: 1000
# Directory: Filterscan/0
# Nodes: 12
# Param: l_min=1
# Param: l_max=11
# Param: n_pulses=1
# Param: wfm_delta=0.3
# Param: bp_frequency=7
# Param: WFM1_phase_offset=0
# Param: jitter_wfmc_1=0
# Param: WFM2_phase_offset=0
# Param: jitter_wfmc_2=0
# Param: fo1_phase_offset=0
# Param: jitter_fo_chopper_1=0
# Param: bp1_phase_offset=0
# Param: jitter_bp1=0
# Param: fo2_phase_offset=0
# Param: jitter_fo_chopper_2=0
# Param: bp2_phase_offset=0
# Param: jitter_bp2=0
# Param: t0_phase_offset=0
# Param: jit_t0_sec=0
# Param: fo3_phase_offset=0
# Param: jitter_fo_chopper_3=0
# Param: fo4_phase_offset=0
# Param: jitter_fo_chopper_4=0
# Param: fo5_phase_offset=0
# Param: jitter_fo_chopper_5=0
# Param: choppers=2
# Param: target_tsplit=3
# Param: filter=0
# Param: repeat=1
# Param: v_smear=0.1
# Param: pos_smear=0.01
# Param: dir_smear=0.01
# Date: Sun Mar  1 17:38:51 2026 (1772383131)
# type: array_2d(90, 90)
# Source: ODIN_MCPL_baseline (ODIN_MCPL_TOF_train4.instr)
# component: PSD_Backtrace
# position: 0.123791 0 -0.138729
# title: PSD monitor
# Ncount: 153447624
# filename: PSD_Backtrace.dat
# statistics: X0=-1.20769; dX=7.30221; Y0=-0.00204656; dY=1.77858;
# signal: Min=0; Max=7.77503e+11; Mean=4.54119e+10;
# values: 3.67836e+14 1.9659e+12 1.06228e+07
# xvar: X 
# yvar: Y 
# xlabel: X position [cm]
# ylabel: Y position [cm]
# zvar: I
# zlabel: Signal per bin
# xylimits: -15 15 -15 15
# variables: I I_err N
# Data [PSD_Backtrace/PSD_Backtrace.dat] I:
0 0 0 0 0 0 0 0 0 0 0 0 0 0 0 0 0 0 0 0 0 0 0 0 0 0 0 0 0 0 0 0 0 0 0 0 0 0 0 0 0 0 0 0 0 0 0 0 0 0 0 0 0 0 0 0 0 0 0 0 0 0 0 0 0 0 0 0 0 0 0 0 0 0 0 0 0 0 0 0 0 0 0 0 0 0 0 0 0 0 
0 0 0 0 0 0 0 0 0 0 0 0 0 0 0 0 0 0 0 0 0 0 0 0 0 0 0 0 0 0 0 0 0 0 0 0 0 0 0 0 0 0 0 0 0 0 0 0 0 0 0 0 0 0 0 0 0 0 0 0 0 0 0 0 0 0 0 0 0 0 0 0 0 0 0 0 0 0 0 0 0 0 0 0 0 0 0 0 0 0 
0 0 0 0 0 0 0 0 0 0 0 0 0 0 0 0 0 0 0 0 0 0 0 0 0 0 0 0 0 0 0 0 0 0 0 0 0 0 0 0 0 0 0 0 0 0 0 0 0 0 0 0 0 0 0 0 0 0 0 0 0 0 0 0 0 0 0 0 0 0 0 0 0 0 0 0 0 0 0 0 0 0 0 0 0 0 0 0 0 0 
0 0 0 0 0 0 0 0 0 0 0 0 0 0 0 0 0 0 0 0 0 0 0 0 0 0 0 0 0 0 0 0 0 0 0 0 0 0 0 0 0 0 0 0 0 0 0 0 0 0 0 0 0 0 0 0 0 0 0 0 0 0 0 0 0 0 0 0 0 0 0 0 0 0 0 0 0 0 0 0 0 0 0 0 0 0 0 0 0 0 
0 0 0 0 0 0 0 0 0 0 0 0 0 0 0 0 0 0 0 0 0 0 0 0 0 0 0 0 0 0 0 0 0 0 0 0 0 0 0 0 0 0 0 0 0 0 0 0 0 0 0 0 0 0 0 0 0 0 0 0 0 0 0 0 0 0 0 0 0 0 0 0 0 0 0 0 0 0 0 0 0 0 0 0 0 0 0 0 0 0 
0 0 0 0 0 0 0 0 0 0 0 0 0 0 0 0 0 0 0 0 0 0 0 0 0 0 0 0 0 0 0 0 0 0 0 0 0 0 0 0 0 0 0 0 0 0 0 0 0 0 0 0 0 0 0 0 0 0 0 0 0 0 0 0 0 0 0 0 0 0 0 0 0 0 0 0 0 0 0 0 0 0 0 0 0 0 0 0 0 0 
0 0 0 0 0 0 0 0 0 0 0 0 0 0 0 0 0 0 0 0 0 0 0 0 0 0 0 0 0 0 0 0 0 0 0 0 0 0 0 0 0 0 0 0 0 0 0 0 0 0 0 0 0 0 0 0 0 0 0 0 0 0 0 0 0 0 0 0 0 0 0 0 0 0 0 0 0 0 0 0 0 0 0 0 0 0 0 0 0 0 
0 0 0 0 0 0 0 0 0 0 0 0 0 0 0 0 0 0 0 0 0 0 0 0 0 0 0 0 0 0 0 0 0 0 0 0 0 0 0 0 0 0 0 0 0 0 0 0 0 0 0 0 0 0 0 0 0 0 0 0 0 0 0 0 0 0 0 0 0 0 0 0 0 0 0 0 0 0 0 0 0 0 0 0 0 0 0 0 0 0 
0 0 0 0 0 0 0 0 0 0 0 0 0 0 0 0 0 0 0 0 0 0 0 0 0 0 0 0 0 0 0 0 0 0 0 0 0 0 0 0 0 0 0 0 0 0 0 0 0 0 0 0 0 0 0 0 0 0 0 0 0 0 0 0 0 0 0 0 0 0 0 0 0 0 0 0 0 0 0 0 0 0 0 0 0 0 0 0 0 0 
0 0 0 0 0 0 0 0 0 0 0 0 0 0 0 0 0 0 0 0 0 0 0 0 0 0 0 0 0 0 0 0 0 0 0 0 0 0 0 0 0 0 0 0 0 0 0 0 0 0 0 0 0 0 0 0 0 0 0 0 0 0 0 0 0 0 0 0 0 0 0 0 0 0 0 0 0 0 0 0 0 0 0 0 0 0 0 0 0 0 
0 0 0 0 0 0 0 0 0 0 0 0 0 0 0 0 0 0 0 0 0 0 0 0 0 0 0 0 0 0 0 0 0 0 0 0 0 0 0 0 0 0 0 0 0 0 0 0 0 0 0 0 0 0 0 0 0 0 0 0 0 0 0 0 0 0 0 0 0 0 0 0 0 0 0 0 0 0 0 0 0 0 0 0 0 0 0 0 0 0 
0 0 0 0 0 0 0 0 0 0 0 0 0 0 0 0 0 0 0 0 0 0 0 0 0 0 0 0 0 0 0 0 0 0 0 0 0 0 0 0 0 0 0 0 0 0 0 0 0 0 0 0 0 0 0 0 0 0 0 0 0 0 0 0 0 0 0 0 0 0 0 0 0 0 0 0 0 0 0 0 0 0 0 0 0 0 0 0 0 0 
0 0 0 0 0 0 0 0 0 0 0 0 0 0 0 0 0 0 0 0 0 0 0 0 0 0 0 0 0 0 0 0 0 0 0 0 0 0 0 0 0 0 0 0 0 0 0 0 0 0 0 0 0 0 0 0 0 0 0 0 0 0 0 0 0 0 0 0 0 0 0 0 0 0 0 0 0 0 0 0 0 0 0 0 0 0 0 0 0 0 
0 0 0 0 0 0 0 0 0 0 0 0 0 0 0 0 0 0 0 0 0 0 0 0 0 0 0 0 0 0 0 0 0 0 0 0 0 0 0 0 0 0 0 0 0 0 0 0 0 0 0 0 0 0 0 0 0 0 0 0 0 0 0 0 0 0 0 0 0 0 0 0 0 0 0 0 0 0 0 0 0 0 0 0 0 0 0 0 0 0 
0 0 0 0 0 0 0 0 0 0 0 0 0 0 0 0 0 0 0 0 0 0 0 0 0 0 0 0 0 0 0 0 0 0 0 0 0 0 0 0 0 0 0 0 0 0 0 0 0 0 0 0 0 0 0 0 0 0 0 0 0 0 0 0 0 0 0 0 0 0 0 0 0 0 0 0 0 0 0 0 0 0 0 0 0 0 0 0 0 0 
0 0 0 0 0 0 0 0 0 0 0 0 0 0 0 0 0 0 0 0 0 0 0 0 0 0 0 0 0 0 0 0 0 0 0 0 0 0 0 0 0 0 0 0 0 0 0 0 0 0 0 0 0 0 0 0 0 0 0 0 0 0 0 0 0 0 0 0 0 0 0 0 0 0 0 0 0 0 0 0 0 0 0 0 0 0 0 0 0 0 
0 0 0 0 0 0 0 0 0 0 0 0 0 0 0 0 0 0 0 0 0 0 0 0 0 0 0 0 0 0 0 0 0 0 0 0 0 0 0 0 0 0 0 0 0 0 0 0 0 0 0 0 0 0 0 0 0 0 0 0 0 0 0 0 0 0 0 0 0 0 0 0 0 0 0 0 0 0 0 0 0 0 0 0 0 0 0 0 0 0 
0 0 0 0 0 0 0 0 0 0 0 0 0 0 0 0 0 0 0 0 0 0 0 0 0 0 0 0 0 0 0 0 0 0 0 0 0 0 0 0 0 0 0 0 0 0 0 0 0 0 0 0 0 0 0 0 0 0 0 0 0 0 0 0 0 0 0 0 0 0 0 0 0 0 0 0 0 0 0 0 0 0 0 0 0 0 0 0 0 0 
0 0 0 0 0 0 0 0 0 0 0 0 0 0 0 0 0 0 0 0 0 0 0 0 0 0 0 0 0 0 0 0 0 0 0 0 0 0 0 0 0 0 0 0 0 0 0 0 0 0 0 0 0 0 0 0 0 0 0 0 0 0 0 0 0 0 0 0 0 0 0 0 0 0 0 0 0 0 0 0 0 0 0 0 0 0 0 0 0 0 
0 0 0 0 0 0 0 0 0 0 0 0 0 0 0 0 0 0 0 0 0 0 0 0 0 0 0 0 0 0 0 0 0 0 0 0 0 0 0 0 0 0 0 0 0 0 0 0 0 0 0 0 0 0 0 0 0 0 0 0 0 0 0 0 0 0 0 0 0 0 0 0 0 0 0 0 0 0 0 0 0 0 0 0 0 0 0 0 0 0 
0 0 0 0 0 0 0 0 0 0 0 0 0 0 0 0 0 0 0 0 0 0 0 0 0 0 0 0 0 0 0 0 0 0 0 0 0 0 0 0 0 0 0 0 0 0 0 0 0 0 0 0 0 0 0 0 0 0 0 0 0 0 0 0 0 0 0 0 0 0 0 0 0 0 0 0 0 0 0 0 0 0 0 0 0 0 0 0 0 0 
0 0 0 0 0 0 0 0 0 0 0 0 0 0 0 0 0 0 0 0 0 0 0 0 0 0 0 0 0 0 0 0 0 0 0 0 0 0 0 0 0 0 0 0 0 0 0 0 0 0 0 0 0 0 0 0 0 0 0 0 0 0 0 0 0 0 0 0 0 0 0 0 0 0 0 0 0 0 0 0 0 0 0 0 0 0 0 0 0 0 
0 0 0 0 0 0 0 0 0 0 0 0 0 0 0 0 0 0 0 0 0 0 0 0 0 0 0 0 0 0 0 0 0 0 0 0 0 0 0 0 0 0 0 0 0 0 0 0 0 0 0 0 0 0 0 0 0 0 0 0 0 0 0 0 0 0 0 0 0 0 0 0 0 0 0 0 0 0 0 0 0 0 0 0 0 0 0 0 0 0 
0 0 0 0 0 0 0 0 0 0 0 0 0 0 0 0 0 0 0 0 0 0 0 0 0 0 0 0 0 0 0 0 0 0 0 0 0 0 0 0 0 0 0 0 0 0 0 0 0 0 0 0 0 0 0 0 0 0 0 0 0 0 0 0 0 0 0 0 0 0 0 0 0 0 0 0 0 0 0 0 0 0 0 0 0 0 0 0 0 0 
0 0 0 0 0 0 0 0 0 0 0 0 0 0 0 0 0 0 0 0 0 0 0 0 0 0 0 0 0 0 0 0 0 0 0 0 0 0 0 0 0 0 0 0 0 0 0 0 0 0 0 0 0 0 0 0 0 0 0 0 0 0 0 0 0 0 0 0 0 0 0 0 0 0 0 0 0 0 0 0 0 0 0 0 0 0 0 0 0 0 
0 0 0 0 0 0 0 0 0 0 0 0 0 0 0 0 0 0 0 0 0 0 0 0 0 0 0 0 0 0 0 0 0 0 0 0 0 0 0 0 0 0 0 0 0 0 0 0 0 0 0 0 0 0 0 0 0 0 0 0 0 0 0 0 0 0 0 0 0 0 0 0 0 0 0 0 0 0 0 0 0 0 0 0 0 0 0 0 0 0 
0 0 0 0 0 0 0 0 0 0 0 0 0 0 0 0 0 0 0 0 0 0 0 0 0 0 0 0 0 0 0 0 0 0 0 0 0 0 0 0 0 0 0 0 0 0 0 0 0 0 0 0 0 0 0 0 0 0 0 0 0 0 0 0 0 0 0 0 0 0 0 0 0 0 0 0 0 0 0 0 0 0 0 0 0 0 0 0 0 0 
0 0 0 0 0 0 0 0 0 0 0 0 0 0 0 0 0 0 0 0 0 0 0 0 0 0 0 0 0 0 0 0 0 0 0 0 0 0 0 0 0 0 0 0 0 0 0 0 0 0 0 0 0 0 0 0 0 0 0 0 0 0 0 0 0 0 0 0 0 0 0 0 0 0 0 0 0 0 0 0 0 0 0 0 0 0 0 0 0 0 
0 0 0 0 0 0 0 0 0 0 0 0 0 0 0 0 0 0 0 0 0 0 0 0 0 0 0 0 0 0 0 0 0 0 0 0 0 0 0 0 0 0 0 0 0 0 0 0 0 0 0 0 0 0 0 0 0 0 0 0 0 0 0 0 0 0 0 0 0 0 0 0 0 0 0 0 0 0 0 0 0 0 0 0 0 0 0 0 0 0 
0 0 0 0 0 0 0 0 0 0 0 0 0 0 0 0 0 0 0 0 0 0 0 0 0 0 0 0 0 0 0 0 0 0 0 0 0 0 0 0 0 0 0 0 0 0 0 0 0 0 0 0 0 0 0 0 0 0 0 0 0 0 0 0 0 0 0 0 0 0 0 0 0 0 0 0 0 0 0 0 0 0 0 0 0 0 0 0 0 0 
0 0 0 0 0 0 0 0 0 0 0 0 0 0 0 0 0 0 0 0 0 0 0 0 0 0 0 0 0 0 0 0 0 0 0 0 0 0 0 0 0 0 0 0 0 0 0 0 0 0 0 0 0 0 0 0 0 0 0 0 0 0 0 0 0 0 0 0 0 0 0 0 0 0 0 0 0 0 0 0 0 0 0 0 0 0 0 0 0 0 
0 0 0 0 0 0 0 0 0 0 0 0 0 0 0 0 0 0 0 0 0 0 0 0 0 0 0 0 0 0 0 0 0 0 0 0 0 0 0 0 0 0 0 0 0 0 0 0 0 0 0 0 0 0 0 0 0 0 0 0 0 0 0 0 0 0 0 0 0 0 0 0 0 0 0 0 0 0 0 0 0 0 0 0 0 0 0 0 0 0 
0 0 0 0 0 0 0 0 0 0 0 0 0 0 0 0 0 0 0 0 0 0 0 0 0 0 0 0 0 0 0 0 0 0 0 0 0 0 0 0 0 0 0 0 0 0 0 0 0 0 0 0 0 0 0 0 0 0 0 0 0 0 0 0 0 0 0 0 0 0 0 0 0 0 0 0 0 0 0 0 0 0 0 0 0 0 0 0 0 0 
0 0 0 0 0 0 0 0 0 0 0 0 0 0 0 0 0 0 0 0 0 0 0 0 0 0 0 0 0 0 0 0 0 0 0 0 0 0 0 0 0 0 0 0 0 0 0 0 0 0 0 0 0 0 0 0 0 0 0 0 0 0 0 0 0 0 0 0 0 0 0 0 0 0 0 0 0 0 0 0 0 0 0 0 0 0 0 0 0 0 
0 0 0 0 0 0 0 0 0 0 0 0 0 0 0 0 0 0 0 0 0 0 0 0 0 0 0 0 0 0 0 0 0 0 0 0 0 0 0 0 0 0 0 0 0 0 0 0 0 0 0 0 0 0 0 0 0 0 0 0 0 0 0 0 0 0 0 0 0 0 0 0 0 0 0 0 0 0 0 0 0 0 0 0 0 0 0 0 0 0 
0 0 0 0 0 0 0 0 0 0 0 0 0 0 0 0 0 0 0 0 0 0 0 0 0 0 0 0 0 0 0 0 0 0 0 0 0 0 0 0 0 0 0 0 0 0 0 0 0 0 0 0 0 0 0 0 0 0 0 0 0 0 0 0 0 0 0 0 0 0 0 0 0 0 0 0 0 0 0 0 0 0 0 0 0 0 0 0 0 0 
0 0 0 0 0 0 0 0 0 2.635448993e+11 2.671322682e+11 4.117205658e+11 2.565800475e+11 2.675520545e+11 3.38743417e+11 4.53504218e+11 3.347430969e+11 2.831465971e+11 3.402689126e+11 3.831996032e+11 3.8665927e+11 2.649604385e+11 3.30737411e+11 2.564354247e+11 3.121991944e+11 2.554119523e+11 3.364144483e+11 2.434577173e+11 3.522363655e+11 3.569501063e+11 2.389827379e+11 2.912722619e+11 2.214340889e+11 2.383760851e+11 2.238774544e+11 2.219237533e+11 2.785914793e+11 2.811115058e+11 2.126504535e+11 1.994475257e+11 3.036821186e+11 2.77259713e+11 1.987301239e+11 1.999549607e+11 2.900745029e+11 1.772541533e+11 1.721930428e+11 1.791822222e+11 1.659511822e+11 1.637451553e+11 1.528188848e+11 1.522809354e+11 1.588435965e+11 1.524328838e+11 1.389083523e+11 1.543901338e+11 1.520815564e+11 1.40404454e+11 1.506007373e+11 1.431804143e+11 1.402272443e+11 1.429676236e+11 1.455586715e+11 1.567478057e+11 1.421042332e+11 1.509022642e+11 1.573355559e+11 1.466539928e+11 1.498236183e+11 1.45921974e+11 1.450968345e+11 1.435795057e+11 1.421685176e+11 1.499469511e+11 1.480449966e+11 1.460142892e+11 1.377209649e+11 1.409724724e+11 1.314998155e+11 1.228499947e+11 1.907257419e+11 0 0 0 0 0 0 0 0 0 
0 0 0 0 0 0 0 0 0 3.971540048e+11 4.047558517e+11 4.794466867e+11 4.123397072e+11 4.278652072e+11 4.688685683e+11 4.953428757e+11 4.151154958e+11 4.816518274e+11 4.162327913e+11 4.019565924e+11 4.043170445e+11 3.755980776e+11 4.494637207e+11 4.171570923e+11 5.375415697e+11 3.549846704e+11 4.754536129e+11 5.282409153e+11 5.616416544e+11 3.417040433e+11 4.185608659e+11 5.054042986e+11 3.820889671e+11 3.891202324e+11 5.602496472e+11 3.429414121e+11 6.552372346e+11 4.442669923e+11 2.94871275e+11 3.149383166e+11 3.637596213e+11 3.75200033e+11 2.770526602e+11 2.59006858e+11 2.508208561e+11 3.359845292e+11 2.386263203e+11 2.800949247e+11 2.232178844e+11 2.293265807e+11 2.171520617e+11 2.231612086e+11 3.212790067e+11 2.153324969e+11 2.081380643e+11 1.945947393e+11 2.048826272e+11 2.020868698e+11 2.122550077e+11 2.084441836e+11 2.030540229e+11 2.045040644e+11 2.09764481e+11 2.001753818e+11 2.015492896e+11 2.750090412e+11 2.190812111e+11 2.15750539e+11 2.167653193e+11 2.049104636e+11 2.102877495e+11 2.127256138e+11 2.104242397e+11 2.124203269e+11 2.062171535e+11 2.044821708e+11 1.985520163e+11 2.030760686e+11 1.954022967e+11 1.697904226e+11 1.97053965e+11 0 0 0 0 0 0 0 0 0 
0 0 0 0 0 0 0 0 0 4.776447308e+11 5.927245754e+11 4.916165875e+11 6.888015782e+11 6.461694827e+11 5.195564125e+11 6.600031657e+11 5.165910223e+11 5.932965751e+11 6.602172681e+11 5.03986465e+11 5.055377866e+11 4.783858678e+11 4.956715535e+11 4.936799718e+11 4.636433186e+11 4.628340858e+11 4.304354816e+11 5.262063282e+11 4.200646145e+11 6.197954257e+11 3.790196431e+11 3.808415571e+11 4.506361369e+11 5.895908334e+11 4.727544142e+11 3.633237908e+11 3.733116942e+11 4.229955278e+11 3.43988683e+11 4.280896778e+11 4.24399367e+11 3.87182238e+11 3.582566697e+11 3.475400293e+11 3.744726514e+11 3.564113843e+11 7.159440032e+11 4.168513116e+11 3.12261587e+11 3.222502609e+11 3.147233598e+11 3.080135427e+11 3.04448026e+11 2.961552375e+11 2.977064113e+11 3.023497038e+11 2.984347429e+11 2.989932499e+11 2.953464897e+11 2.984427701e+11 3.006790096e+11 2.966851643e+11 2.986268242e+11 3.089698913e+11 3.005507522e+11 3.137876773e+11 3.194545992e+11 3.233932474e+11 3.174174832e+11 3.229021005e+11 4.167693181e+11 4.130883278e+11 5.180258113e+11 3.206644513e+11 3.582921787e+11 3.757515913e+11 3.099724784e+11 2.903517745e+11 2.807990303e+11 3.558494712e+11 3.720862939e+11 0 0 0 0 0 0 0 0 0 
0 0 0 0 0 0 0 0 0 4.412029707e+11 5.724875674e+11 4.719787277e+11 6.462259321e+11 5.032912871e+11 5.711240391e+11 5.616484091e+11 4.809571975e+11 5.449000367e+11 4.878628595e+11 4.670720087e+11 4.50941622e+11 5.157130877e+11 4.625828093e+11 3.892307292e+11 3.568765345e+11 2.949228022e+11 2.671524034e+11 3.187563072e+11 2.324992344e+11 2.257868118e+11 2.26865685e+11 2.157621864e+11 2.122056447e+11 2.14652537e+11 2.155726917e+11 2.764508037e+11 1.991528005e+11 2.07013849e+11 2.051355872e+11 1.994542297e+11 2.172484458e+11 2.437781459e+11 2.926484464e+11 3.112501717e+11 3.470836385e+11 3.466380132e+11 3.607218983e+11 3.320742641e+11 3.692257764e+11 3.564169286e+11 3.025080419e+11 3.003521505e+11 2.848349675e+11 4.114164808e+11 2.822074852e+11 2.876115505e+11 2.91578688e+11 4.003652162e+11 4.140999299e+11 2.978880542e+11 4.123384787e+11 3.050711985e+11 2.994104086e+11 3.024684216e+11 3.061478998e+11 3.120794469e+11 3.223890564e+11 3.751064088e+11 3.294491089e+11 4.839628535e+11 4.857572635e+11 3.350013772e+11 4.296404687e+11 3.439035074e+11 3.434944561e+11 5.337357575e+11 3.39437386e+11 3.296551093e+11 3.034504775e+11 2.988852809e+11 2.938847706e+11 0 0 0 0 0 0 0 0 0 
0 0 0 0 0 0 0 0 0 4.112471347e+11 6.585240498e+11 5.060405911e+11 5.886863509e+11 4.514672519e+11 4.541131229e+11 5.203468597e+11 4.299103285e+11 4.349975421e+11 5.063450351e+11 5.278439402e+11 4.82387608e+11 4.137701247e+11 3.575941822e+11 3.306843936e+11 4.10122474e+11 2.827024218e+11 1.776253769e+11 1.48465145e+11 1.412961257e+11 1.5331663e+11 1.418668655e+11 2.092606465e+11 1.42866535e+11 1.45025622e+11 1.448782318e+11 2.213378087e+11 1.36964351e+11 1.440414245e+11 1.310821592e+11 1.320244784e+11 1.40998934e+11 1.829443545e+11 2.274470774e+11 2.538871986e+11 2.835435619e+11 2.979199767e+11 2.934211075e+11 2.882853769e+11 2.544964711e+11 2.349011893e+11 3.204423711e+11 2.480816499e+11 1.969229822e+11 4.714200826e+11 2.973006598e+11 3.077135619e+11 1.975410756e+11 2.028871897e+11 3.167407359e+11 2.102119175e+11 3.452439179e+11 3.263946967e+11 2.151586081e+11 2.203654362e+11 2.339999133e+11 2.276746392e+11 2.378180506e+11 2.476829753e+11 2.51632181e+11 3.094619923e+11 2.584073052e+11 2.66804778e+11 2.73210408e+11 2.636019616e+11 2.66829433e+11 2.768753071e+11 2.734801457e+11 3.349498376e+11 2.51004743e+11 2.420224911e+11 2.343976198e+11 0 0 0 0 0 0 0 0 0 
0 0 0 0 0 0 0 0 0 3.582407876e+11 3.816046165e+11 3.906189159e+11 3.94337794e+11 4.037132087e+11 4.096672879e+11 4.075610187e+11 3.987328733e+11 3.984539452e+11 4.836842025e+11 4.891658303e+11 4.164187352e+11 3.821804643e+11 4.002455187e+11 3.194347346e+11 2.789972561e+11 2.126917062e+11 1.641554886e+11 1.415857855e+11 1.863903151e+11 1.531574318e+11 1.442750622e+11 2.560093118e+11 1.412847373e+11 1.367647759e+11 1.38865362e+11 1.381439426e+11 1.386944161e+11 1.304358499e+11 1.289411197e+11 1.275954519e+11 1.302144297e+11 1.652625533e+11 2.078106305e+11 2.374200926e+11 2.802704678e+11 2.856730736e+11 3.002962481e+11 3.326994731e+11 2.494334298e+11 2.087005171e+11 1.956746277e+11 1.915007741e+11 1.924491374e+11 2.854876462e+11 2.565628873e+11 3.631311062e+11 3.221405185e+11 1.86503451e+11 3.979517944e+11 2.055506133e+11 2.070347042e+11 2.028016906e+11 2.09918832e+11 2.017727997e+11 2.127313153e+11 3.012922564e+11 2.916369242e+11 2.160698667e+11 2.262671455e+11 2.297102971e+11 2.344060189e+11 2.413512708e+11 2.351364485e+11 2.342954488e+11 2.375810216e+11 2.324318974e+11 2.296653145e+11 2.248871539e+11 2.044375978e+11 1.94356713e+11 1.811628097e+11 0 0 0 0 0 0 0 0 0 
0 0 0 0 0 0 0 0 0 3.308708928e+11 3.513696892e+11 4.124357039e+11 3.471874031e+11 3.753858391e+11 3.701058385e+11 3.694291669e+11 4.380291143e+11 3.590941615e+11 3.636744337e+11 3.852620396e+11 3.806969326e+11 4.623263837e+11 3.044107595e+11 3.939308212e+11 3.514250293e+11 1.776201586e+11 1.331703966e+11 1.163645972e+11 2.230395786e+11 1.158416193e+11 1.289152851e+11 1.229005302e+11 1.176147548e+11 3.954089437e+11 1.224940689e+11 1.315704142e+11 1.894767581e+11 1.142442833e+11 1.092025102e+11 1.047243516e+11 1.062004126e+11 1.366053604e+11 1.801526268e+11 2.374188841e+11 2.67875453e+11 2.826638384e+11 2.884167435e+11 3.364477345e+11 2.991458604e+11 2.238707591e+11 1.956899609e+11 3.06287923e+11 2.972017551e+11 1.842235566e+11 2.884254288e+11 1.746690683e+11 1.657956865e+11 1.750807118e+11 1.878652589e+11 2.031586195e+11 2.011313404e+11 1.959634816e+11 2.003215234e+11 1.972636745e+11 2.147545047e+11 2.232679499e+11 2.292664588e+11 2.340757716e+11 2.285288213e+11 5.241267354e+11 2.337271166e+11 2.312075773e+11 2.375054527e+11 2.382548895e+11 2.242075889e+11 2.357970755e+11 2.208085421e+11 2.208460803e+11 1.980978915e+11 1.86120107e+11 1.691818448e+11 0 0 0 0 0 0 0 0 0 
0 0 0 0 0 0 0 0 0 3.177371135e+11 3.253659097e+11 4.438821985e+11 3.252000003e+11 3.48242698e+11 3.470682489e+11 3.442420969e+11 3.449080935e+11 3.485561212e+11 3.606757114e+11 3.670563698e+11 4.225289859e+11 3.189757571e+11 2.805500917e+11 2.53840304e+11 3.291458127e+11 1.626683437e+11 1.642532206e+11 9.510739324e+10 9.584537372e+10 9.684139532e+10 9.805183936e+10 2.203667747e+11 9.980604428e+10 1.023820382e+11 1.558695978e+11 9.479437537e+10 1.48150909e+11 1.003730499e+11 8.731469477e+10 1.57089288e+11 9.746969405e+10 1.298641244e+11 1.69590614e+11 2.118203173e+11 2.672135786e+11 2.746809946e+11 2.833731898e+11 2.808636052e+11 2.447220084e+11 2.135771152e+11 1.860657038e+11 4.107047901e+11 1.663464514e+11 1.784505863e+11 1.699719647e+11 1.642386025e+11 1.679099924e+11 1.67250089e+11 2.839174166e+11 1.86106541e+11 1.896105142e+11 2.836571256e+11 1.918689005e+11 3.055958781e+11 1.93986858e+11 2.105682512e+11 2.047221005e+11 2.215944155e+11 2.915988921e+11 3.457819139e+11 2.332265501e+11 2.417769044e+11 2.326281693e+11 2.323382672e+11 2.456431808e+11 2.325325781e+11 2.235723456e+11 2.247416031e+11 2.042386958e+11 1.862740985e+11 1.691460496e+11 0 0 0 0 0 0 0 0 0 
0 0 0 0 0 0 0 0 0 3.151247648e+11 3.14663569e+11 3.342295775e+11 3.276044951e+11 4.320099756e+11 3.388998652e+11 4.339894017e+11 3.526600815e+11 3.401644954e+11 3.829429598e+11 4.542698049e+11 3.46231463e+11 3.064380416e+11 3.913857761e+11 3.003845984e+11 3.605100084e+11 1.615421291e+11 2.523164781e+11 8.622319078e+10 2.039722491e+11 9.000477805e+10 1.050570979e+11 9.786452021e+10 9.891579217e+10 9.400322804e+10 9.852517956e+10 9.196075014e+10 9.874846484e+10 9.214346177e+10 8.425399252e+10 8.653791692e+10 9.358516282e+10 1.191913623e+11 3.270846112e+11 3.717478194e+11 2.696063231e+11 2.747788433e+11 2.892284379e+11 2.538829196e+11 2.522300214e+11 2.081232833e+11 1.696014999e+11 2.940362669e+11 5.179224485e+11 2.813820903e+11 1.760650652e+11 1.609976665e+11 1.630546316e+11 1.584853065e+11 1.749320838e+11 1.708393018e+11 1.859728463e+11 1.880361649e+11 1.835816614e+11 1.840464848e+11 2.801624212e+11 2.115638974e+11 2.093624765e+11 2.181926365e+11 2.96141156e+11 3.047016777e+11 2.287217829e+11 3.389053125e+11 2.335378214e+11 3.499230543e+11 2.28067002e+11 2.31861259e+11 2.227609839e+11 3.143987235e+11 1.964673588e+11 1.846907637e+11 1.714185696e+11 0 0 0 0 0 0 0 0 0 
0 0 0 0 0 0 0 0 0 3.036869312e+11 3.156581091e+11 3.181599669e+11 3.183796531e+11 3.312160888e+11 3.407519624e+11 3.468238103e+11 3.506910507e+11 3.322322772e+11 3.344444131e+11 3.688835675e+11 3.331416515e+11 3.028875648e+11 2.636041587e+11 4.967967434e+11 2.177757643e+11 2.296187161e+11 1.094725798e+11 8.586174782e+10 9.005821666e+10 9.491085225e+10 9.618370493e+10 9.721284856e+10 8.939772432e+10 9.659849881e+10 1.544322338e+11 9.333210486e+10 9.459865862e+10 9.05268445e+10 8.453935788e+10 7.814756527e+10 8.8646226e+10 1.281183769e+11 1.795139535e+11 2.178937279e+11 2.678567269e+11 2.721591575e+11 2.763295443e+11 2.761042326e+11 2.498732127e+11 2.113027131e+11 1.813953709e+11 1.674499239e+11 1.680056989e+11 3.542891723e+11 2.898307371e+11 1.659627702e+11 1.691403381e+11 1.652151029e+11 1.744569887e+11 1.711711973e+11 1.801243213e+11 1.823102432e+11 1.804440375e+11 1.871004625e+11 2.026110016e+11 2.097213126e+11 2.08789815e+11 2.104727351e+11 2.974017195e+11 3.290210571e+11 3.429901067e+11 2.375746431e+11 3.175212605e+11 3.285195224e+11 2.3792716e+11 3.333198375e+11 2.098374465e+11 2.075200545e+11 1.95162738e+11 1.893024391e+11 1.722466912e+11 0 0 0 0 0 0 0 0 0 
0 0 0 0 0 0 0 0 0 3.318181578e+11 3.202189255e+11 3.210146439e+11 3.35730189e+11 5.498933546e+11 3.339322388e+11 3.276068036e+11 3.355955269e+11 3.354464723e+11 3.559926048e+11 3.64769917e+11 3.491168637e+11 3.005809398e+11 2.734280517e+11 2.486482736e+11 2.185187422e+11 2.412818468e+11 1.169097164e+11 9.165848479e+10 9.464503563e+10 1.017590491e+11 1.003335537e+11 9.805497367e+10 9.723752842e+10 9.123534431e+10 1.713327219e+11 9.74163553e+10 9.762564636e+10 9.482332691e+10 9.141293961e+10 8.628045916e+10 2.103734531e+11 1.22585485e+11 1.696373773e+11 2.269339507e+11 2.682428763e+11 2.761683184e+11 2.746452011e+11 2.715182039e+11 2.453947631e+11 2.063254102e+11 1.800696527e+11 1.778459429e+11 4.085357013e+11 1.697407444e+11 1.672294898e+11 2.420203304e+11 1.57965889e+11 1.590503539e+11 1.699515915e+11 2.310887695e+11 1.861036555e+11 1.796301768e+11 2.679512055e+11 1.798214406e+11 2.451501606e+11 2.027712704e+11 1.995457554e+11 2.15256063e+11 3.236486213e+11 2.179253831e+11 2.265545707e+11 2.426347519e+11 3.40976796e+11 3.341122858e+11 3.297280128e+11 2.269383616e+11 3.331687128e+11 2.124317097e+11 2.020353393e+11 1.836980655e+11 1.722054973e+11 0 0 0 0 0 0 0 0 0 
0 0 0 0 0 0 0 0 0 4.80361187e+11 5.187075235e+11 3.390850817e+11 3.636708351e+11 5.557497706e+11 3.65048153e+11 3.613746966e+11 3.515483502e+11 3.419441829e+11 3.572140575e+11 4.632892867e+11 3.761807899e+11 3.147013213e+11 2.8579471e+11 2.60226422e+11 2.299363801e+11 1.718800708e+11 1.397557647e+11 1.049917251e+11 1.059872779e+11 1.108412524e+11 1.166479471e+11 1.114140402e+11 1.128010573e+11 1.085909788e+11 2.527586697e+11 1.143042493e+11 1.108988013e+11 1.09102259e+11 1.066392002e+11 9.863168431e+10 1.082891907e+11 1.323371989e+11 1.788380308e+11 2.397461877e+11 2.908764316e+11 2.958198076e+11 2.897290145e+11 2.869398229e+11 2.418015336e+11 2.103369064e+11 3.107879318e+11 3.004863101e+11 1.91630348e+11 1.84523666e+11 2.871715999e+11 2.472647329e+11 2.262245922e+11 2.176278564e+11 1.810104455e+11 2.98026616e+11 2.146714253e+11 2.093280189e+11 1.935621197e+11 2.393996445e+11 2.13834613e+11 2.110309289e+11 2.041141699e+11 2.267669899e+11 2.249322083e+11 2.224730654e+11 2.288901611e+11 5.417076639e+11 4.528620285e+11 2.330650005e+11 2.369785376e+11 2.224431822e+11 2.241966127e+11 2.174943167e+11 2.047223698e+11 1.932799905e+11 1.824268629e+11 0 0 0 0 0 0 0 0 0 
0 0 0 0 0 0 0 0 0 6.590080503e+11 4.964806653e+11 5.392581507e+11 5.876600872e+11 3.692790906e+11 7.28190913e+11 3.935180441e+11 3.850463503e+11 4.830622086e+11 5.881064484e+11 6.42919177e+11 4.097219413e+11 3.527400327e+11 3.329211512e+11 4.381394302e+11 3.433432681e+11 2.01641301e+11 1.696772863e+11 1.400349583e+11 1.821066839e+11 1.417012141e+11 1.400123508e+11 2.263172045e+11 1.475297421e+11 3.517856935e+11 1.362789306e+11 1.857437197e+11 1.32001686e+11 1.280447919e+11 1.838946821e+11 2.028140946e+11 2.111578774e+11 2.320676665e+11 1.992129255e+11 2.476325952e+11 4.007137236e+11 2.752281284e+11 3.006839467e+11 2.813532637e+11 2.692641797e+11 2.313313285e+11 2.016338767e+11 1.955301619e+11 1.967672517e+11 1.883246212e+11 1.82392814e+11 1.780997256e+11 2.656035831e+11 2.312491456e+11 3.527689134e+11 2.076886571e+11 2.096563171e+11 2.082338154e+11 1.933158152e+11 3.424733138e+11 4.348631843e+11 2.181614397e+11 2.230146673e+11 2.317931554e+11 2.303313498e+11 4.134099677e+11 2.432272034e+11 2.283966782e+11 2.332045571e+11 3.433718739e+11 2.333225912e+11 2.271660186e+11 2.325189344e+11 2.03525078e+11 2.012437234e+11 2.749034958e+11 1.81553332e+11 0 0 0 0 0 0 0 0 0 
0 0 0 0 0 0 0 0 0 3.947810508e+11 4.008013987e+11 6.086705082e+11 6.437268123e+11 4.294067192e+11 5.449702215e+11 7.775032386e+11 4.318971464e+11 6.640680542e+11 6.153482374e+11 4.43211371e+11 6.904886162e+11 5.683112534e+11 3.490925556e+11 3.241387673e+11 3.652550142e+11 2.979767586e+11 3.300599445e+11 1.461902432e+11 1.340206197e+11 1.413227034e+11 3.168869473e+11 1.367833775e+11 1.384503631e+11 1.399216901e+11 1.358934588e+11 1.322803717e+11 1.216615685e+11 1.359875611e+11 1.224708092e+11 1.347804973e+11 1.470314798e+11 1.775451299e+11 2.295192247e+11 3.333530797e+11 3.767726143e+11 2.961410416e+11 3.644995735e+11 3.544757463e+11 4.420704054e+11 2.175420478e+11 3.17189429e+11 3.136129946e+11 1.974942675e+11 1.919293804e+11 2.561612413e+11 1.799766207e+11 1.771883341e+11 1.855667332e+11 1.926526091e+11 2.027775484e+11 2.036203523e+11 3.185749455e+11 1.946240671e+11 3.04399992e+11 2.102380505e+11 2.128067962e+11 3.013337722e+11 2.192602566e+11 5.116534272e+11 3.145449044e+11 2.462975229e+11 2.459262384e+11 3.542846136e+11 2.413780687e+11 3.613748732e+11 2.571329081e+11 2.621092643e+11 3.272051401e+11 3.125664888e+11 3.106631132e+11 3.268056687e+11 0 0 0 0 0 0 0 0 0 
0 0 0 0 0 0 0 0 0 4.50073976e+11 4.59614273e+11 5.436591185e+11 6.916990022e+11 5.638357655e+11 4.82889762e+11 4.738783964e+11 5.342243035e+11 6.079972935e+11 6.563095748e+11 5.919646254e+11 4.715733731e+11 6.283653014e+11 4.641053039e+11 5.008852069e+11 3.938396611e+11 3.751191429e+11 2.299819645e+11 2.012957713e+11 1.94129205e+11 1.886301227e+11 1.780780893e+11 1.795047157e+11 1.719305359e+11 1.696535757e+11 1.723406507e+11 2.450620706e+11 1.672658284e+11 2.449453529e+11 1.635497752e+11 1.710571984e+11 1.837785271e+11 2.110109426e+11 2.64291204e+11 4.472959503e+11 3.868543325e+11 3.278888213e+11 3.352886989e+11 3.891672751e+11 2.951440082e+11 2.775774255e+11 3.423977088e+11 3.456527514e+11 2.749827659e+11 2.721383561e+11 3.894151746e+11 2.579279149e+11 5.870493113e+11 2.581583937e+11 3.526682404e+11 2.689994019e+11 3.906275601e+11 2.632013882e+11 3.833465578e+11 2.871427416e+11 2.766014429e+11 2.85368213e+11 3.912215665e+11 3.987246868e+11 3.08640617e+11 4.009995024e+11 3.135747466e+11 4.424624747e+11 3.20746808e+11 3.151763154e+11 3.755079612e+11 3.097426976e+11 4.350575822e+11 3.312163898e+11 3.148115689e+11 2.96202434e+11 3.011799848e+11 0 0 0 0 0 0 0 0 0 
0 0 0 0 0 0 0 0 0 4.276879946e+11 5.605074775e+11 5.651549612e+11 4.482667468e+11 5.02003403e+11 5.895804225e+11 6.497101244e+11 4.541366207e+11 5.035328078e+11 4.485939656e+11 4.406379328e+11 5.171363931e+11 6.490966498e+11 4.163409544e+11 4.935180656e+11 3.983442306e+11 3.827229263e+11 5.765378817e+11 3.669721877e+11 3.60765081e+11 3.367367448e+11 3.223621379e+11 4.078058061e+11 3.203722664e+11 4.328160892e+11 3.127782362e+11 2.964939575e+11 2.889491667e+11 2.866629284e+11 4.453101348e+11 2.991309769e+11 2.971893295e+11 2.903015911e+11 2.914572207e+11 3.022986479e+11 4.496565455e+11 3.928434973e+11 3.113304602e+11 3.028286231e+11 2.898542871e+11 2.846594405e+11 2.916435581e+11 2.889956683e+11 2.809729766e+11 3.975551195e+11 2.714336641e+11 2.756322864e+11 2.708771061e+11 2.519427246e+11 2.646773676e+11 3.74716795e+11 2.779113796e+11 2.593379091e+11 2.851948681e+11 2.848953531e+11 2.913111103e+11 2.7924123e+11 2.754506458e+11 2.925053995e+11 3.862651558e+11 2.935667494e+11 2.995395967e+11 2.897148859e+11 2.760744109e+11 3.982402044e+11 3.321797788e+11 3.922483409e+11 3.47228606e+11 3.371674216e+11 2.834715023e+11 2.825011069e+11 5.981675727e+11 0 0 0 0 0 0 0 0 0 
0 0 0 0 0 0 0 0 0 5.723624637e+11 7.185586611e+11 3.977168109e+11 5.003197754e+11 3.864331163e+11 4.971094042e+11 4.762552273e+11 4.833231629e+11 4.994661579e+11 3.769036146e+11 3.612472438e+11 5.634266607e+11 3.503981119e+11 3.441228801e+11 3.439254799e+11 3.430939911e+11 3.32098277e+11 4.383462354e+11 3.291609714e+11 3.180830411e+11 4.753791522e+11 3.923249907e+11 6.15135487e+11 4.42978613e+11 3.573121009e+11 3.579033649e+11 2.962834821e+11 2.733679972e+11 3.484408317e+11 2.792170969e+11 3.541780272e+11 3.792845893e+11 2.573291267e+11 3.560099383e+11 2.51994798e+11 3.120221727e+11 2.478718827e+11 2.402611391e+11 2.429048379e+11 2.268144799e+11 2.331311762e+11 2.28463238e+11 2.216512031e+11 2.125762517e+11 2.0727515e+11 2.07302916e+11 1.896802632e+11 2.036848285e+11 1.935137004e+11 1.955912629e+11 2.067665812e+11 1.965077219e+11 2.065233311e+11 1.981856702e+11 2.08574378e+11 2.177716183e+11 2.095085161e+11 2.08604558e+11 2.187130463e+11 2.188888568e+11 2.682685385e+11 1.996523258e+11 2.072449151e+11 2.183822153e+11 2.07073792e+11 2.050652964e+11 2.07392258e+11 2.084666229e+11 2.526647232e+11 2.506728485e+11 1.952365264e+11 3.001500083e+11 0 0 0 0 0 0 0 0 0 
0 0 0 0 0 0 0 0 0 3.817882069e+11 3.178262533e+11 5.184919022e+11 3.176071757e+11 3.646946922e+11 2.99629822e+11 3.035680928e+11 2.996953293e+11 2.861652041e+11 3.564763902e+11 2.788945998e+11 2.851311171e+11 2.774063294e+11 2.536147835e+11 2.755726217e+11 3.413912196e+11 2.702951329e+11 2.600243626e+11 3.317339333e+11 6.727876883e+11 3.589937383e+11 2.405488479e+11 4.115786243e+11 3.283425923e+11 3.231931505e+11 2.453658469e+11 2.389602555e+11 2.299429397e+11 2.22191143e+11 2.656248461e+11 2.138237821e+11 2.180073556e+11 3.190014499e+11 1.997090297e+11 2.674325603e+11 1.94377182e+11 1.872092344e+11 1.92241476e+11 2.624651492e+11 1.846655243e+11 1.791784279e+11 1.799396871e+11 2.813877926e+11 1.810589947e+11 1.565086834e+11 1.640376973e+11 1.612295114e+11 1.60976915e+11 1.584967656e+11 1.619054236e+11 1.610996126e+11 1.556332626e+11 1.606191486e+11 1.613973858e+11 1.617464768e+11 1.69272052e+11 1.605151126e+11 1.598858339e+11 1.682703802e+11 1.658442061e+11 1.695320834e+11 2.164359306e+11 1.632941223e+11 2.192379826e+11 2.15650404e+11 1.496624997e+11 1.53356664e+11 1.580392339e+11 1.511376515e+11 1.487456971e+11 1.389244092e+11 1.455571787e+11 0 0 0 0 0 0 0 0 0 
0 0 0 0 0 0 0 0 0 0 0 0 0 0 0 0 0 0 0 0 0 0 0 0 0 0 0 0 0 0 0 0 0 0 0 0 0 0 0 0 0 0 0 0 0 0 0 0 0 0 0 0 0 0 0 0 0 0 0 0 0 0 0 0 0 0 0 0 0 0 0 0 0 0 0 0 0 0 0 0 0 0 0 0 0 0 0 0 0 0 
0 0 0 0 0 0 0 0 0 0 0 0 0 0 0 0 0 0 0 0 0 0 0 0 0 0 0 0 0 0 0 0 0 0 0 0 0 0 0 0 0 0 0 0 0 0 0 0 0 0 0 0 0 0 0 0 0 0 0 0 0 0 0 0 0 0 0 0 0 0 0 0 0 0 0 0 0 0 0 0 0 0 0 0 0 0 0 0 0 0 
0 0 0 0 0 0 0 0 0 0 0 0 0 0 0 0 0 0 0 0 0 0 0 0 0 0 0 0 0 0 0 0 0 0 0 0 0 0 0 0 0 0 0 0 0 0 0 0 0 0 0 0 0 0 0 0 0 0 0 0 0 0 0 0 0 0 0 0 0 0 0 0 0 0 0 0 0 0 0 0 0 0 0 0 0 0 0 0 0 0 
0 0 0 0 0 0 0 0 0 0 0 0 0 0 0 0 0 0 0 0 0 0 0 0 0 0 0 0 0 0 0 0 0 0 0 0 0 0 0 0 0 0 0 0 0 0 0 0 0 0 0 0 0 0 0 0 0 0 0 0 0 0 0 0 0 0 0 0 0 0 0 0 0 0 0 0 0 0 0 0 0 0 0 0 0 0 0 0 0 0 
0 0 0 0 0 0 0 0 0 0 0 0 0 0 0 0 0 0 0 0 0 0 0 0 0 0 0 0 0 0 0 0 0 0 0 0 0 0 0 0 0 0 0 0 0 0 0 0 0 0 0 0 0 0 0 0 0 0 0 0 0 0 0 0 0 0 0 0 0 0 0 0 0 0 0 0 0 0 0 0 0 0 0 0 0 0 0 0 0 0 
0 0 0 0 0 0 0 0 0 0 0 0 0 0 0 0 0 0 0 0 0 0 0 0 0 0 0 0 0 0 0 0 0 0 0 0 0 0 0 0 0 0 0 0 0 0 0 0 0 0 0 0 0 0 0 0 0 0 0 0 0 0 0 0 0 0 0 0 0 0 0 0 0 0 0 0 0 0 0 0 0 0 0 0 0 0 0 0 0 0 
0 0 0 0 0 0 0 0 0 0 0 0 0 0 0 0 0 0 0 0 0 0 0 0 0 0 0 0 0 0 0 0 0 0 0 0 0 0 0 0 0 0 0 0 0 0 0 0 0 0 0 0 0 0 0 0 0 0 0 0 0 0 0 0 0 0 0 0 0 0 0 0 0 0 0 0 0 0 0 0 0 0 0 0 0 0 0 0 0 0 
0 0 0 0 0 0 0 0 0 0 0 0 0 0 0 0 0 0 0 0 0 0 0 0 0 0 0 0 0 0 0 0 0 0 0 0 0 0 0 0 0 0 0 0 0 0 0 0 0 0 0 0 0 0 0 0 0 0 0 0 0 0 0 0 0 0 0 0 0 0 0 0 0 0 0 0 0 0 0 0 0 0 0 0 0 0 0 0 0 0 
0 0 0 0 0 0 0 0 0 0 0 0 0 0 0 0 0 0 0 0 0 0 0 0 0 0 0 0 0 0 0 0 0 0 0 0 0 0 0 0 0 0 0 0 0 0 0 0 0 0 0 0 0 0 0 0 0 0 0 0 0 0 0 0 0 0 0 0 0 0 0 0 0 0 0 0 0 0 0 0 0 0 0 0 0 0 0 0 0 0 
0 0 0 0 0 0 0 0 0 0 0 0 0 0 0 0 0 0 0 0 0 0 0 0 0 0 0 0 0 0 0 0 0 0 0 0 0 0 0 0 0 0 0 0 0 0 0 0 0 0 0 0 0 0 0 0 0 0 0 0 0 0 0 0 0 0 0 0 0 0 0 0 0 0 0 0 0 0 0 0 0 0 0 0 0 0 0 0 0 0 
0 0 0 0 0 0 0 0 0 0 0 0 0 0 0 0 0 0 0 0 0 0 0 0 0 0 0 0 0 0 0 0 0 0 0 0 0 0 0 0 0 0 0 0 0 0 0 0 0 0 0 0 0 0 0 0 0 0 0 0 0 0 0 0 0 0 0 0 0 0 0 0 0 0 0 0 0 0 0 0 0 0 0 0 0 0 0 0 0 0 
0 0 0 0 0 0 0 0 0 0 0 0 0 0 0 0 0 0 0 0 0 0 0 0 0 0 0 0 0 0 0 0 0 0 0 0 0 0 0 0 0 0 0 0 0 0 0 0 0 0 0 0 0 0 0 0 0 0 0 0 0 0 0 0 0 0 0 0 0 0 0 0 0 0 0 0 0 0 0 0 0 0 0 0 0 0 0 0 0 0 
0 0 0 0 0 0 0 0 0 0 0 0 0 0 0 0 0 0 0 0 0 0 0 0 0 0 0 0 0 0 0 0 0 0 0 0 0 0 0 0 0 0 0 0 0 0 0 0 0 0 0 0 0 0 0 0 0 0 0 0 0 0 0 0 0 0 0 0 0 0 0 0 0 0 0 0 0 0 0 0 0 0 0 0 0 0 0 0 0 0 
0 0 0 0 0 0 0 0 0 0 0 0 0 0 0 0 0 0 0 0 0 0 0 0 0 0 0 0 0 0 0 0 0 0 0 0 0 0 0 0 0 0 0 0 0 0 0 0 0 0 0 0 0 0 0 0 0 0 0 0 0 0 0 0 0 0 0 0 0 0 0 0 0 0 0 0 0 0 0 0 0 0 0 0 0 0 0 0 0 0 
0 0 0 0 0 0 0 0 0 0 0 0 0 0 0 0 0 0 0 0 0 0 0 0 0 0 0 0 0 0 0 0 0 0 0 0 0 0 0 0 0 0 0 0 0 0 0 0 0 0 0 0 0 0 0 0 0 0 0 0 0 0 0 0 0 0 0 0 0 0 0 0 0 0 0 0 0 0 0 0 0 0 0 0 0 0 0 0 0 0 
0 0 0 0 0 0 0 0 0 0 0 0 0 0 0 0 0 0 0 0 0 0 0 0 0 0 0 0 0 0 0 0 0 0 0 0 0 0 0 0 0 0 0 0 0 0 0 0 0 0 0 0 0 0 0 0 0 0 0 0 0 0 0 0 0 0 0 0 0 0 0 0 0 0 0 0 0 0 0 0 0 0 0 0 0 0 0 0 0 0 
0 0 0 0 0 0 0 0 0 0 0 0 0 0 0 0 0 0 0 0 0 0 0 0 0 0 0 0 0 0 0 0 0 0 0 0 0 0 0 0 0 0 0 0 0 0 0 0 0 0 0 0 0 0 0 0 0 0 0 0 0 0 0 0 0 0 0 0 0 0 0 0 0 0 0 0 0 0 0 0 0 0 0 0 0 0 0 0 0 0 
0 0 0 0 0 0 0 0 0 0 0 0 0 0 0 0 0 0 0 0 0 0 0 0 0 0 0 0 0 0 0 0 0 0 0 0 0 0 0 0 0 0 0 0 0 0 0 0 0 0 0 0 0 0 0 0 0 0 0 0 0 0 0 0 0 0 0 0 0 0 0 0 0 0 0 0 0 0 0 0 0 0 0 0 0 0 0 0 0 0 
0 0 0 0 0 0 0 0 0 0 0 0 0 0 0 0 0 0 0 0 0 0 0 0 0 0 0 0 0 0 0 0 0 0 0 0 0 0 0 0 0 0 0 0 0 0 0 0 0 0 0 0 0 0 0 0 0 0 0 0 0 0 0 0 0 0 0 0 0 0 0 0 0 0 0 0 0 0 0 0 0 0 0 0 0 0 0 0 0 0 
0 0 0 0 0 0 0 0 0 0 0 0 0 0 0 0 0 0 0 0 0 0 0 0 0 0 0 0 0 0 0 0 0 0 0 0 0 0 0 0 0 0 0 0 0 0 0 0 0 0 0 0 0 0 0 0 0 0 0 0 0 0 0 0 0 0 0 0 0 0 0 0 0 0 0 0 0 0 0 0 0 0 0 0 0 0 0 0 0 0 
0 0 0 0 0 0 0 0 0 0 0 0 0 0 0 0 0 0 0 0 0 0 0 0 0 0 0 0 0 0 0 0 0 0 0 0 0 0 0 0 0 0 0 0 0 0 0 0 0 0 0 0 0 0 0 0 0 0 0 0 0 0 0 0 0 0 0 0 0 0 0 0 0 0 0 0 0 0 0 0 0 0 0 0 0 0 0 0 0 0 
0 0 0 0 0 0 0 0 0 0 0 0 0 0 0 0 0 0 0 0 0 0 0 0 0 0 0 0 0 0 0 0 0 0 0 0 0 0 0 0 0 0 0 0 0 0 0 0 0 0 0 0 0 0 0 0 0 0 0 0 0 0 0 0 0 0 0 0 0 0 0 0 0 0 0 0 0 0 0 0 0 0 0 0 0 0 0 0 0 0 
0 0 0 0 0 0 0 0 0 0 0 0 0 0 0 0 0 0 0 0 0 0 0 0 0 0 0 0 0 0 0 0 0 0 0 0 0 0 0 0 0 0 0 0 0 0 0 0 0 0 0 0 0 0 0 0 0 0 0 0 0 0 0 0 0 0 0 0 0 0 0 0 0 0 0 0 0 0 0 0 0 0 0 0 0 0 0 0 0 0 
0 0 0 0 0 0 0 0 0 0 0 0 0 0 0 0 0 0 0 0 0 0 0 0 0 0 0 0 0 0 0 0 0 0 0 0 0 0 0 0 0 0 0 0 0 0 0 0 0 0 0 0 0 0 0 0 0 0 0 0 0 0 0 0 0 0 0 0 0 0 0 0 0 0 0 0 0 0 0 0 0 0 0 0 0 0 0 0 0 0 
0 0 0 0 0 0 0 0 0 0 0 0 0 0 0 0 0 0 0 0 0 0 0 0 0 0 0 0 0 0 0 0 0 0 0 0 0 0 0 0 0 0 0 0 0 0 0 0 0 0 0 0 0 0 0 0 0 0 0 0 0 0 0 0 0 0 0 0 0 0 0 0 0 0 0 0 0 0 0 0 0 0 0 0 0 0 0 0 0 0 
0 0 0 0 0 0 0 0 0 0 0 0 0 0 0 0 0 0 0 0 0 0 0 0 0 0 0 0 0 0 0 0 0 0 0 0 0 0 0 0 0 0 0 0 0 0 0 0 0 0 0 0 0 0 0 0 0 0 0 0 0 0 0 0 0 0 0 0 0 0 0 0 0 0 0 0 0 0 0 0 0 0 0 0 0 0 0 0 0 0 
0 0 0 0 0 0 0 0 0 0 0 0 0 0 0 0 0 0 0 0 0 0 0 0 0 0 0 0 0 0 0 0 0 0 0 0 0 0 0 0 0 0 0 0 0 0 0 0 0 0 0 0 0 0 0 0 0 0 0 0 0 0 0 0 0 0 0 0 0 0 0 0 0 0 0 0 0 0 0 0 0 0 0 0 0 0 0 0 0 0 
0 0 0 0 0 0 0 0 0 0 0 0 0 0 0 0 0 0 0 0 0 0 0 0 0 0 0 0 0 0 0 0 0 0 0 0 0 0 0 0 0 0 0 0 0 0 0 0 0 0 0 0 0 0 0 0 0 0 0 0 0 0 0 0 0 0 0 0 0 0 0 0 0 0 0 0 0 0 0 0 0 0 0 0 0 0 0 0 0 0 
0 0 0 0 0 0 0 0 0 0 0 0 0 0 0 0 0 0 0 0 0 0 0 0 0 0 0 0 0 0 0 0 0 0 0 0 0 0 0 0 0 0 0 0 0 0 0 0 0 0 0 0 0 0 0 0 0 0 0 0 0 0 0 0 0 0 0 0 0 0 0 0 0 0 0 0 0 0 0 0 0 0 0 0 0 0 0 0 0 0 
0 0 0 0 0 0 0 0 0 0 0 0 0 0 0 0 0 0 0 0 0 0 0 0 0 0 0 0 0 0 0 0 0 0 0 0 0 0 0 0 0 0 0 0 0 0 0 0 0 0 0 0 0 0 0 0 0 0 0 0 0 0 0 0 0 0 0 0 0 0 0 0 0 0 0 0 0 0 0 0 0 0 0 0 0 0 0 0 0 0 
0 0 0 0 0 0 0 0 0 0 0 0 0 0 0 0 0 0 0 0 0 0 0 0 0 0 0 0 0 0 0 0 0 0 0 0 0 0 0 0 0 0 0 0 0 0 0 0 0 0 0 0 0 0 0 0 0 0 0 0 0 0 0 0 0 0 0 0 0 0 0 0 0 0 0 0 0 0 0 0 0 0 0 0 0 0 0 0 0 0 
0 0 0 0 0 0 0 0 0 0 0 0 0 0 0 0 0 0 0 0 0 0 0 0 0 0 0 0 0 0 0 0 0 0 0 0 0 0 0 0 0 0 0 0 0 0 0 0 0 0 0 0 0 0 0 0 0 0 0 0 0 0 0 0 0 0 0 0 0 0 0 0 0 0 0 0 0 0 0 0 0 0 0 0 0 0 0 0 0 0 
0 0 0 0 0 0 0 0 0 0 0 0 0 0 0 0 0 0 0 0 0 0 0 0 0 0 0 0 0 0 0 0 0 0 0 0 0 0 0 0 0 0 0 0 0 0 0 0 0 0 0 0 0 0 0 0 0 0 0 0 0 0 0 0 0 0 0 0 0 0 0 0 0 0 0 0 0 0 0 0 0 0 0 0 0 0 0 0 0 0 
0 0 0 0 0 0 0 0 0 0 0 0 0 0 0 0 0 0 0 0 0 0 0 0 0 0 0 0 0 0 0 0 0 0 0 0 0 0 0 0 0 0 0 0 0 0 0 0 0 0 0 0 0 0 0 0 0 0 0 0 0 0 0 0 0 0 0 0 0 0 0 0 0 0 0 0 0 0 0 0 0 0 0 0 0 0 0 0 0 0 
0 0 0 0 0 0 0 0 0 0 0 0 0 0 0 0 0 0 0 0 0 0 0 0 0 0 0 0 0 0 0 0 0 0 0 0 0 0 0 0 0 0 0 0 0 0 0 0 0 0 0 0 0 0 0 0 0 0 0 0 0 0 0 0 0 0 0 0 0 0 0 0 0 0 0 0 0 0 0 0 0 0 0 0 0 0 0 0 0 0 
0 0 0 0 0 0 0 0 0 0 0 0 0 0 0 0 0 0 0 0 0 0 0 0 0 0 0 0 0 0 0 0 0 0 0 0 0 0 0 0 0 0 0 0 0 0 0 0 0 0 0 0 0 0 0 0 0 0 0 0 0 0 0 0 0 0 0 0 0 0 0 0 0 0 0 0 0 0 0 0 0 0 0 0 0 0 0 0 0 0 
# Errors [PSD_Backtrace/PSD_Backtrace.dat] I_err:
0 0 0 0 0 0 0 0 0 0 0 0 0 0 0 0 0 0 0 0 0 0 0 0 0 0 0 0 0 0 0 0 0 0 0 0 0 0 0 0 0 0 0 0 0 0 0 0 0 0 0 0 0 0 0 0 0 0 0 0 0 0 0 0 0 0 0 0 0 0 0 0 0 0 0 0 0 0 0 0 0 0 0 0 0 0 0 0 0 0 
0 0 0 0 0 0 0 0 0 0 0 0 0 0 0 0 0 0 0 0 0 0 0 0 0 0 0 0 0 0 0 0 0 0 0 0 0 0 0 0 0 0 0 0 0 0 0 0 0 0 0 0 0 0 0 0 0 0 0 0 0 0 0 0 0 0 0 0 0 0 0 0 0 0 0 0 0 0 0 0 0 0 0 0 0 0 0 0 0 0 
0 0 0 0 0 0 0 0 0 0 0 0 0 0 0 0 0 0 0 0 0 0 0 0 0 0 0 0 0 0 0 0 0 0 0 0 0 0 0 0 0 0 0 0 0 0 0 0 0 0 0 0 0 0 0 0 0 0 0 0 0 0 0 0 0 0 0 0 0 0 0 0 0 0 0 0 0 0 0 0 0 0 0 0 0 0 0 0 0 0 
0 0 0 0 0 0 0 0 0 0 0 0 0 0 0 0 0 0 0 0 0 0 0 0 0 0 0 0 0 0 0 0 0 0 0 0 0 0 0 0 0 0 0 0 0 0 0 0 0 0 0 0 0 0 0 0 0 0 0 0 0 0 0 0 0 0 0 0 0 0 0 0 0 0 0 0 0 0 0 0 0 0 0 0 0 0 0 0 0 0 
0 0 0 0 0 0 0 0 0 0 0 0 0 0 0 0 0 0 0 0 0 0 0 0 0 0 0 0 0 0 0 0 0 0 0 0 0 0 0 0 0 0 0 0 0 0 0 0 0 0 0 0 0 0 0 0 0 0 0 0 0 0 0 0 0 0 0 0 0 0 0 0 0 0 0 0 0 0 0 0 0 0 0 0 0 0 0 0 0 0 
0 0 0 0 0 0 0 0 0 0 0 0 0 0 0 0 0 0 0 0 0 0 0 0 0 0 0 0 0 0 0 0 0 0 0 0 0 0 0 0 0 0 0 0 0 0 0 0 0 0 0 0 0 0 0 0 0 0 0 0 0 0 0 0 0 0 0 0 0 0 0 0 0 0 0 0 0 0 0 0 0 0 0 0 0 0 0 0 0 0 
0 0 0 0 0 0 0 0 0 0 0 0 0 0 0 0 0 0 0 0 0 0 0 0 0 0 0 0 0 0 0 0 0 0 0 0 0 0 0 0 0 0 0 0 0 0 0 0 0 0 0 0 0 0 0 0 0 0 0 0 0 0 0 0 0 0 0 0 0 0 0 0 0 0 0 0 0 0 0 0 0 0 0 0 0 0 0 0 0 0 
0 0 0 0 0 0 0 0 0 0 0 0 0 0 0 0 0 0 0 0 0 0 0 0 0 0 0 0 0 0 0 0 0 0 0 0 0 0 0 0 0 0 0 0 0 0 0 0 0 0 0 0 0 0 0 0 0 0 0 0 0 0 0 0 0 0 0 0 0 0 0 0 0 0 0 0 0 0 0 0 0 0 0 0 0 0 0 0 0 0 
0 0 0 0 0 0 0 0 0 0 0 0 0 0 0 0 0 0 0 0 0 0 0 0 0 0 0 0 0 0 0 0 0 0 0 0 0 0 0 0 0 0 0 0 0 0 0 0 0 0 0 0 0 0 0 0 0 0 0 0 0 0 0 0 0 0 0 0 0 0 0 0 0 0 0 0 0 0 0 0 0 0 0 0 0 0 0 0 0 0 
0 0 0 0 0 0 0 0 0 0 0 0 0 0 0 0 0 0 0 0 0 0 0 0 0 0 0 0 0 0 0 0 0 0 0 0 0 0 0 0 0 0 0 0 0 0 0 0 0 0 0 0 0 0 0 0 0 0 0 0 0 0 0 0 0 0 0 0 0 0 0 0 0 0 0 0 0 0 0 0 0 0 0 0 0 0 0 0 0 0 
0 0 0 0 0 0 0 0 0 0 0 0 0 0 0 0 0 0 0 0 0 0 0 0 0 0 0 0 0 0 0 0 0 0 0 0 0 0 0 0 0 0 0 0 0 0 0 0 0 0 0 0 0 0 0 0 0 0 0 0 0 0 0 0 0 0 0 0 0 0 0 0 0 0 0 0 0 0 0 0 0 0 0 0 0 0 0 0 0 0 
0 0 0 0 0 0 0 0 0 0 0 0 0 0 0 0 0 0 0 0 0 0 0 0 0 0 0 0 0 0 0 0 0 0 0 0 0 0 0 0 0 0 0 0 0 0 0 0 0 0 0 0 0 0 0 0 0 0 0 0 0 0 0 0 0 0 0 0 0 0 0 0 0 0 0 0 0 0 0 0 0 0 0 0 0 0 0 0 0 0 
0 0 0 0 0 0 0 0 0 0 0 0 0 0 0 0 0 0 0 0 0 0 0 0 0 0 0 0 0 0 0 0 0 0 0 0 0 0 0 0 0 0 0 0 0 0 0 0 0 0 0 0 0 0 0 0 0 0 0 0 0 0 0 0 0 0 0 0 0 0 0 0 0 0 0 0 0 0 0 0 0 0 0 0 0 0 0 0 0 0 
0 0 0 0 0 0 0 0 0 0 0 0 0 0 0 0 0 0 0 0 0 0 0 0 0 0 0 0 0 0 0 0 0 0 0 0 0 0 0 0 0 0 0 0 0 0 0 0 0 0 0 0 0 0 0 0 0 0 0 0 0 0 0 0 0 0 0 0 0 0 0 0 0 0 0 0 0 0 0 0 0 0 0 0 0 0 0 0 0 0 
0 0 0 0 0 0 0 0 0 0 0 0 0 0 0 0 0 0 0 0 0 0 0 0 0 0 0 0 0 0 0 0 0 0 0 0 0 0 0 0 0 0 0 0 0 0 0 0 0 0 0 0 0 0 0 0 0 0 0 0 0 0 0 0 0 0 0 0 0 0 0 0 0 0 0 0 0 0 0 0 0 0 0 0 0 0 0 0 0 0 
0 0 0 0 0 0 0 0 0 0 0 0 0 0 0 0 0 0 0 0 0 0 0 0 0 0 0 0 0 0 0 0 0 0 0 0 0 0 0 0 0 0 0 0 0 0 0 0 0 0 0 0 0 0 0 0 0 0 0 0 0 0 0 0 0 0 0 0 0 0 0 0 0 0 0 0 0 0 0 0 0 0 0 0 0 0 0 0 0 0 
0 0 0 0 0 0 0 0 0 0 0 0 0 0 0 0 0 0 0 0 0 0 0 0 0 0 0 0 0 0 0 0 0 0 0 0 0 0 0 0 0 0 0 0 0 0 0 0 0 0 0 0 0 0 0 0 0 0 0 0 0 0 0 0 0 0 0 0 0 0 0 0 0 0 0 0 0 0 0 0 0 0 0 0 0 0 0 0 0 0 
0 0 0 0 0 0 0 0 0 0 0 0 0 0 0 0 0 0 0 0 0 0 0 0 0 0 0 0 0 0 0 0 0 0 0 0 0 0 0 0 0 0 0 0 0 0 0 0 0 0 0 0 0 0 0 0 0 0 0 0 0 0 0 0 0 0 0 0 0 0 0 0 0 0 0 0 0 0 0 0 0 0 0 0 0 0 0 0 0 0 
0 0 0 0 0 0 0 0 0 0 0 0 0 0 0 0 0 0 0 0 0 0 0 0 0 0 0 0 0 0 0 0 0 0 0 0 0 0 0 0 0 0 0 0 0 0 0 0 0 0 0 0 0 0 0 0 0 0 0 0 0 0 0 0 0 0 0 0 0 0 0 0 0 0 0 0 0 0 0 0 0 0 0 0 0 0 0 0 0 0 
0 0 0 0 0 0 0 0 0 0 0 0 0 0 0 0 0 0 0 0 0 0 0 0 0 0 0 0 0 0 0 0 0 0 0 0 0 0 0 0 0 0 0 0 0 0 0 0 0 0 0 0 0 0 0 0 0 0 0 0 0 0 0 0 0 0 0 0 0 0 0 0 0 0 0 0 0 0 0 0 0 0 0 0 0 0 0 0 0 0 
0 0 0 0 0 0 0 0 0 0 0 0 0 0 0 0 0 0 0 0 0 0 0 0 0 0 0 0 0 0 0 0 0 0 0 0 0 0 0 0 0 0 0 0 0 0 0 0 0 0 0 0 0 0 0 0 0 0 0 0 0 0 0 0 0 0 0 0 0 0 0 0 0 0 0 0 0 0 0 0 0 0 0 0 0 0 0 0 0 0 
0 0 0 0 0 0 0 0 0 0 0 0 0 0 0 0 0 0 0 0 0 0 0 0 0 0 0 0 0 0 0 0 0 0 0 0 0 0 0 0 0 0 0 0 0 0 0 0 0 0 0 0 0 0 0 0 0 0 0 0 0 0 0 0 0 0 0 0 0 0 0 0 0 0 0 0 0 0 0 0 0 0 0 0 0 0 0 0 0 0 
0 0 0 0 0 0 0 0 0 0 0 0 0 0 0 0 0 0 0 0 0 0 0 0 0 0 0 0 0 0 0 0 0 0 0 0 0 0 0 0 0 0 0 0 0 0 0 0 0 0 0 0 0 0 0 0 0 0 0 0 0 0 0 0 0 0 0 0 0 0 0 0 0 0 0 0 0 0 0 0 0 0 0 0 0 0 0 0 0 0 
0 0 0 0 0 0 0 0 0 0 0 0 0 0 0 0 0 0 0 0 0 0 0 0 0 0 0 0 0 0 0 0 0 0 0 0 0 0 0 0 0 0 0 0 0 0 0 0 0 0 0 0 0 0 0 0 0 0 0 0 0 0 0 0 0 0 0 0 0 0 0 0 0 0 0 0 0 0 0 0 0 0 0 0 0 0 0 0 0 0 
0 0 0 0 0 0 0 0 0 0 0 0 0 0 0 0 0 0 0 0 0 0 0 0 0 0 0 0 0 0 0 0 0 0 0 0 0 0 0 0 0 0 0 0 0 0 0 0 0 0 0 0 0 0 0 0 0 0 0 0 0 0 0 0 0 0 0 0 0 0 0 0 0 0 0 0 0 0 0 0 0 0 0 0 0 0 0 0 0 0 
0 0 0 0 0 0 0 0 0 0 0 0 0 0 0 0 0 0 0 0 0 0 0 0 0 0 0 0 0 0 0 0 0 0 0 0 0 0 0 0 0 0 0 0 0 0 0 0 0 0 0 0 0 0 0 0 0 0 0 0 0 0 0 0 0 0 0 0 0 0 0 0 0 0 0 0 0 0 0 0 0 0 0 0 0 0 0 0 0 0 
0 0 0 0 0 0 0 0 0 0 0 0 0 0 0 0 0 0 0 0 0 0 0 0 0 0 0 0 0 0 0 0 0 0 0 0 0 0 0 0 0 0 0 0 0 0 0 0 0 0 0 0 0 0 0 0 0 0 0 0 0 0 0 0 0 0 0 0 0 0 0 0 0 0 0 0 0 0 0 0 0 0 0 0 0 0 0 0 0 0 
0 0 0 0 0 0 0 0 0 0 0 0 0 0 0 0 0 0 0 0 0 0 0 0 0 0 0 0 0 0 0 0 0 0 0 0 0 0 0 0 0 0 0 0 0 0 0 0 0 0 0 0 0 0 0 0 0 0 0 0 0 0 0 0 0 0 0 0 0 0 0 0 0 0 0 0 0 0 0 0 0 0 0 0 0 0 0 0 0 0 
0 0 0 0 0 0 0 0 0 0 0 0 0 0 0 0 0 0 0 0 0 0 0 0 0 0 0 0 0 0 0 0 0 0 0 0 0 0 0 0 0 0 0 0 0 0 0 0 0 0 0 0 0 0 0 0 0 0 0 0 0 0 0 0 0 0 0 0 0 0 0 0 0 0 0 0 0 0 0 0 0 0 0 0 0 0 0 0 0 0 
0 0 0 0 0 0 0 0 0 0 0 0 0 0 0 0 0 0 0 0 0 0 0 0 0 0 0 0 0 0 0 0 0 0 0 0 0 0 0 0 0 0 0 0 0 0 0 0 0 0 0 0 0 0 0 0 0 0 0 0 0 0 0 0 0 0 0 0 0 0 0 0 0 0 0 0 0 0 0 0 0 0 0 0 0 0 0 0 0 0 
0 0 0 0 0 0 0 0 0 0 0 0 0 0 0 0 0 0 0 0 0 0 0 0 0 0 0 0 0 0 0 0 0 0 0 0 0 0 0 0 0 0 0 0 0 0 0 0 0 0 0 0 0 0 0 0 0 0 0 0 0 0 0 0 0 0 0 0 0 0 0 0 0 0 0 0 0 0 0 0 0 0 0 0 0 0 0 0 0 0 
0 0 0 0 0 0 0 0 0 0 0 0 0 0 0 0 0 0 0 0 0 0 0 0 0 0 0 0 0 0 0 0 0 0 0 0 0 0 0 0 0 0 0 0 0 0 0 0 0 0 0 0 0 0 0 0 0 0 0 0 0 0 0 0 0 0 0 0 0 0 0 0 0 0 0 0 0 0 0 0 0 0 0 0 0 0 0 0 0 0 
0 0 0 0 0 0 0 0 0 0 0 0 0 0 0 0 0 0 0 0 0 0 0 0 0 0 0 0 0 0 0 0 0 0 0 0 0 0 0 0 0 0 0 0 0 0 0 0 0 0 0 0 0 0 0 0 0 0 0 0 0 0 0 0 0 0 0 0 0 0 0 0 0 0 0 0 0 0 0 0 0 0 0 0 0 0 0 0 0 0 
0 0 0 0 0 0 0 0 0 0 0 0 0 0 0 0 0 0 0 0 0 0 0 0 0 0 0 0 0 0 0 0 0 0 0 0 0 0 0 0 0 0 0 0 0 0 0 0 0 0 0 0 0 0 0 0 0 0 0 0 0 0 0 0 0 0 0 0 0 0 0 0 0 0 0 0 0 0 0 0 0 0 0 0 0 0 0 0 0 0 
0 0 0 0 0 0 0 0 0 0 0 0 0 0 0 0 0 0 0 0 0 0 0 0 0 0 0 0 0 0 0 0 0 0 0 0 0 0 0 0 0 0 0 0 0 0 0 0 0 0 0 0 0 0 0 0 0 0 0 0 0 0 0 0 0 0 0 0 0 0 0 0 0 0 0 0 0 0 0 0 0 0 0 0 0 0 0 0 0 0 
0 0 0 0 0 0 0 0 0 0 0 0 0 0 0 0 0 0 0 0 0 0 0 0 0 0 0 0 0 0 0 0 0 0 0 0 0 0 0 0 0 0 0 0 0 0 0 0 0 0 0 0 0 0 0 0 0 0 0 0 0 0 0 0 0 0 0 0 0 0 0 0 0 0 0 0 0 0 0 0 0 0 0 0 0 0 0 0 0 0 
0 0 0 0 0 0 0 0 0 6125041176 6274684126 1.062517684e+11 6036684787 6165035515 7.214640131e+10 1.28029101e+11 7.214753375e+10 6595138101 5.886094887e+10 1.05938873e+11 1.102566208e+11 6273422386 7.209179971e+10 6564971009 5.879192882e+10 6180787846 7.210729511e+10 5869131812 1.103368186e+11 1.103387982e+11 6010231252 5.869563695e+10 5704485297 5883906172 5687202596 5595616300 5.867653162e+10 7.206137632e+10 5650375352 5206682110 1.102915696e+11 7.823951797e+10 5193094981 5525652246 1.059039961e+11 5156258235 4874968982 5066197982 4738875934 4913852779 4687375033 4783220318 4759019152 4603589641 4289258393 5208840245 4818790031 4189623222 4786528647 4529064327 4673397225 4398519991 4555229558 4742465896 4481427130 4650358857 5025426736 4646729170 4596795396 4768563465 4536939590 4563919841 4608563671 4631236436 4833860359 4587276497 4243063986 4407879731 4269574143 4028439246 5.86360014e+10 0 0 0 0 0 0 0 0 0 
0 0 0 0 0 0 0 0 0 7625384772 7604461131 7.22822339e+10 7844976416 8021689146 5.898649396e+10 7.843416229e+10 8105433390 7.842260411e+10 7973998069 7615048672 7700476194 7312040449 7.223674706e+10 5.890618005e+10 1.014612331e+11 7214019031 8.29250618e+10 1.249158281e+11 1.559551559e+11 7115327927 7.217618564e+10 1.248785035e+11 5.878216915e+10 5.880555033e+10 1.747639477e+11 7560126670 1.770611203e+11 1.018096785e+11 6489283039 7298228516 7.210583395e+10 7.832810859e+10 6308260941 5935812542 5758245853 7.829015637e+10 5772564370 5.872311167e+10 5615530273 5698766940 5473032451 5599580019 1.103032707e+11 5425676894 5397009346 5266036764 5404251093 5253340352 5524673328 5495861003 5432226911 5340961793 5607111782 5220393768 5352874802 5.873479972e+10 5913643508 5871926075 5657632389 5304009570 5509053207 5454885304 5449523697 5618121940 5436340007 5401584520 5280326182 5376393447 5378305304 4742452656 5552432685 0 0 0 0 0 0 0 0 0 
0 0 0 0 0 0 0 0 0 8216250115 1.10481558e+11 8126495498 1.211393512e+11 1.105347913e+11 8763981876 9.783154003e+10 8414244152 7.850016058e+10 1.106632276e+11 8693466383 8622444635 8062385530 8369221076 8486998605 8146943563 8237849068 7643445742 1.104348067e+11 7784666026 1.559918492e+11 7191757954 7280256889 5.893097006e+10 1.343593572e+11 1.059766468e+11 7068117794 7404374448 7.862156194e+10 6969464133 7.834302832e+10 7.223955296e+10 5.874417954e+10 7060643753 6779805806 7421876010 6986228316 1.870524816e+11 7.839805219e+10 6590607740 6742570057 6646365538 6507256666 6556059579 6350453213 6439894840 6967157223 6539476744 7030512259 6468843321 6532900857 6414153836 6518315337 6576434913 6594221024 6313558964 6554366274 6753839427 6938300103 6916969833 6919845721 7.543817852e+10 1.059477039e+11 1.496928642e+11 6655090038 4.767992142e+10 7.83915641e+10 6572353736 6353033392 6049816592 5.889499777e+10 7.839182871e+10 0 0 0 0 0 0 0 0 0 
0 0 0 0 0 0 0 0 0 8048645944 1.104801305e+11 8179030411 1.10651886e+11 8611834186 7.847816055e+10 7.845956366e+10 8800439953 7.844986188e+10 8554758881 8198026096 8328431089 7.843938689e+10 5.896346341e+10 7456377055 7068088258 6340664926 6131908532 7.855521062e+10 5863304094 5738748429 5786872144 5508149039 5323782696 5478810707 5588674280 7.819746507e+10 5094003082 5493577186 5377492892 5357201989 5556845947 5820943743 6341112747 6308809249 6750108630 6619454159 6992841822 6747648613 4.766846471e+10 4.765778351e+10 6356796332 6669039622 6599343799 1.167536695e+11 6286005303 6394524035 6312362645 1.110996726e+11 1.167476592e+11 6714657218 1.167327937e+11 6951830561 6285844210 6331951526 6376282564 6650778947 6731258530 5.883561011e+10 6871899745 1.10714505e+11 1.014515531e+11 6798002527 1.059540507e+11 7236121540 7133159379 1.203611362e+11 6811737892 6724019524 6408514097 6731010719 6375208624 0 0 0 0 0 0 0 0 0 
0 0 0 0 0 0 0 0 0 7867773434 1.353819293e+11 7.840244928e+10 1.106176212e+11 8060202415 8110808338 7.84201228e+10 8152751354 7954671086 5.903342307e+10 7.842538319e+10 5.890933524e+10 8229455364 7226064946 6755508954 9.168431416e+10 4.757039054e+10 4967938952 4572018649 4517678908 4748163467 4334662607 7.195546134e+10 4300462405 4301881334 4590877582 7.81771484e+10 4260926163 4855910861 4156662842 4265656388 4351969492 4994717278 5536710954 5735252417 6170321850 6529647969 6305662883 6183861328 5873078706 5885520091 1.167013705e+11 4.75041325e+10 5462392471 1.64392405e+11 1.058619867e+11 1.110411424e+11 5249787842 5385115001 1.110464489e+11 5378391275 1.167034069e+11 1.05938606e+11 5467642678 5368194296 5725025497 5581203534 5654708674 5817106854 6014367026 5.873601684e+10 5938312562 6178687997 6252398335 6249775143 5997362048 6312883396 6108400909 7.835863362e+10 5985404710 5774020065 5652598885 0 0 0 0 0 0 0 0 0 
0 0 0 0 0 0 0 0 0 7194876373 7395285097 7298480405 7417707677 7874027696 7738731574 7589947116 7622395616 7596067196 7.83921291e+10 7.231916875e+10 7775268266 7568651770 4.77545832e+10 6688241718 6367739437 5467332893 4780790428 4596173439 4.742601536e+10 4985046721 4471918267 1.16658357e+11 4427394739 4238741378 4398973690 4325760191 4299380547 4108907819 4115968828 4224715036 4135310318 4707886009 5347358259 5580399816 6212711716 6084593753 6450698518 5.871471761e+10 5875402697 5325436993 5234850584 5480857667 5679042871 1.058447602e+11 7.006524183e+10 1.311847845e+11 1.391493505e+11 5103321492 1.49711763e+11 5356222835 5458754916 5290570002 5420324358 5207922435 5300693402 7.833805301e+10 7.832108478e+10 5378890896 5567281215 5548184667 5715604787 5781502092 5609932226 5699895049 5736643760 5710117107 5663270316 5847889689 5276123423 5054133831 4997250492 0 0 0 0 0 0 0 0 0 
0 0 0 0 0 0 0 0 0 6947145144 7441715814 7.831894536e+10 6914887618 7373596656 7648592848 7163546716 7.836338166e+10 7253641550 7430684372 7310278365 7361063899 9.29668914e+10 6587389497 1.059968379e+11 1.103236866e+11 4827518393 4238967043 3898936044 1.101441017e+11 3826186962 4338147943 4084034598 3912895733 1.965668142e+11 4012891107 4786069381 7.814855277e+10 3919075846 3877041423 3859532060 3779321163 4280909100 4797470915 5728021769 5935284388 6168736695 6721437510 5.874768497e+10 5.866177222e+10 5606117797 5116405719 1.16685463e+11 1.167032324e+11 5434430526 1.058630389e+11 5013708455 4702702499 4858995923 5390409105 5792346164 5356743562 5031449302 5194989980 5253229358 5308255142 5599797851 5690522606 5641068183 5381639082 1.689086944e+11 5647593088 5564301777 5818179827 5832853502 5498245972 5892241301 5524601849 5548989686 5094895580 5001358601 4679929833 0 0 0 0 0 0 0 0 0 
0 0 0 0 0 0 0 0 0 6939746473 6950960901 1.059939427e+11 6715855368 7290945698 7207291593 7067968152 7076128427 7383244235 7365585693 7324985354 7.220132945e+10 6937988364 6682413938 6538748099 1.058987902e+11 4643858528 4.733087475e+10 3649398025 3692266463 3769417296 3473256283 1.166360518e+11 3746046922 3718733802 5.857841237e+10 3650426465 5.094401736e+10 3793878124 3301656333 7.81614211e+10 3833942698 4265821039 4743833789 5306382937 6121137161 6111858241 6382166728 6391320287 5800565301 5388580031 5187541270 1.649454308e+11 4851975186 5099275302 4655620278 4599235527 4803794951 4832139822 1.059177696e+11 5108344195 5022935015 1.059134537e+11 5172640706 1.058766572e+11 5002032011 5266785357 5148010861 5537621853 7.831586131e+10 1.059681577e+11 5569875228 5811656530 5711089657 5593121918 5832312867 5789306792 5489040490 5591779787 5341111543 4933476395 4703367039 0 0 0 0 0 0 0 0 0 
0 0 0 0 0 0 0 0 0 6986073010 6776839405 7406987730 7281581644 1.059624543e+11 7038751937 7.838274448e+10 7261722181 7266046862 8109416214 7.839000796e+10 7362262771 6992124389 1.103568068e+11 4.762299359e+10 1.159848828e+11 4749573282 1.015702321e+11 3418521707 1.101340644e+11 3403016376 3854220708 3660856719 3724747696 3564392308 3804132641 3437002095 3633037225 3458717997 3338014118 3668926593 3603387367 4164621743 1.104960333e+11 1.105244693e+11 6214848646 6446365841 6541362754 5821885913 6078428714 5398308063 4839766745 1.166905106e+11 1.959247814e+11 1.166685456e+11 4962372730 4673695430 4555146552 4653643822 4895893572 4725601538 5189099252 5035291650 4797966444 4832853324 7.850378412e+10 5448329597 5353249375 5380562846 7.83355656e+10 7.833768353e+10 5386593232 1.059535244e+11 5594956230 1.167152767e+11 5567594795 5737614955 5562236117 1.11036759e+11 5209397817 4937881516 4761950365 0 0 0 0 0 0 0 0 0 
0 0 0 0 0 0 0 0 0 6632679793 6940151361 6835307933 6563936829 6810720221 7135378094 7227100029 7415066664 7025733469 7276908070 7669997321 7007486428 7192810011 6263027246 1.774424161e+11 5452369576 7.81583979e+10 3808220447 3393939153 3529582443 3618384280 3578122973 3687441011 3322686902 3633629248 5.857936131e+10 4135995037 3581839223 3466582353 3395447660 3230926598 3472145715 4210537851 5245326527 5352165224 6326181399 6219086273 6353135234 6189996628 5798326320 5249194772 4899005526 4651988163 4719546533 1.360034359e+11 1.166814877e+11 4643135436 4860637336 5133643491 4846570052 4698981968 4992556564 4896271759 5004242775 4949236682 5238936486 5473531084 5278917924 5312102340 7.833229798e+10 1.059482514e+11 1.167023875e+11 5791841679 7.833756752e+10 1.059456362e+11 5798290807 1.059578491e+11 5254786971 5265313707 5057862454 4918719944 4747968758 0 0 0 0 0 0 0 0 0 
0 0 0 0 0 0 0 0 0 7174442091 6988845791 7027217454 6987861703 1.496969803e+11 6898991942 6730383241 6990505310 7131595765 7595279724 7078865629 7352520441 6506113344 6076656989 5936817180 5539855475 7.815126877e+10 3866026533 3470593639 3598114927 3762640238 3761739768 4173112402 3586547328 3521568552 7.814171372e+10 3764838621 3654955363 3548936691 3667844637 3682615120 1.166527821e+11 4214150672 5098992634 5706092038 6262426873 6266272375 6150291917 6375327637 5803167487 5401035367 5063278003 5451494405 1.649393786e+11 4655528737 4725104649 7.004987357e+10 4629195339 4647493757 4779765672 5.104303625e+10 5002041397 4810220622 7.830110693e+10 4939051884 4.000921536e+10 4985500885 4883222618 5267199364 1.059444282e+11 5438594640 5452402164 5835543903 1.059629776e+11 1.059468977e+11 1.059541918e+11 5569576692 1.110580084e+11 5521051905 5071293478 4999137880 5145087559 0 0 0 0 0 0 0 0 0 
0 0 0 0 0 0 0 0 0 1.105541849e+11 1.404491343e+11 7500418735 7341554669 1.496933007e+11 7563093128 7387144555 7438207827 7255411428 7117844370 7.87144992e+10 8180939534 6562808042 6782600841 5946469920 5519044513 4872258795 4428712006 3747277648 3784332685 3776787988 4039396332 3868463750 3894174533 3750895972 9.760707333e+10 4073385807 3762347409 3709755290 3781914168 3571676037 3877100776 4126927268 4878844980 6078297477 6414324228 6527129601 7047195056 6600371732 5636582403 5347617416 1.166942268e+11 1.166852702e+11 5319618980 5162486278 1.166746982e+11 7.004095656e+10 5.105594985e+10 5.102378078e+10 4899613833 1.059244258e+11 5587153741 5342530361 5095545963 4.001188024e+10 5675776472 5355079612 5067585108 5466308183 5407413731 5730067920 5625408472 1.759350378e+11 1.575275049e+11 5606560721 5808850217 5407612429 5683511180 5407438942 5712947979 5114998644 4947818970 0 0 0 0 0 0 0 0 0 
0 0 0 0 0 0 0 0 0 1.562068795e+11 9.776393476e+10 1.105925904e+11 1.575520803e+11 7175685346 1.959949073e+11 8054575484 7503576489 1.104201642e+11 1.406634723e+11 1.43385942e+11 8014477743 7009782459 6951974990 1.391368827e+11 7.855363798e+10 5363498894 5361121167 4320590849 4.740890918e+10 4339004090 4409095690 7.816684745e+10 4755424266 1.495704368e+11 4176619257 4.738649968e+10 4208019662 4024027826 5.860210528e+10 7.815781649e+10 7.814910648e+10 7.815683595e+10 5188582635 5840790912 1.059756406e+11 6124814820 6649047440 6307589794 6184208335 5810408748 5451083336 5167174444 5175152309 5111246157 5058578105 4842655189 7.006461962e+10 5.104992665e+10 1.174255582e+11 5315954356 5400013921 5481879194 5446878866 9.773983618e+10 1.595456213e+11 5497442867 5460946469 5773756986 5692605262 1.31595598e+11 5940674370 5490271959 5594229420 1.167073476e+11 5560449383 5531412873 5993315560 5053611716 5162082580 7.829769856e+10 5405456712 0 0 0 0 0 0 0 0 0 
0 0 0 0 0 0 0 0 0 8176656497 7491149441 1.404978618e+11 1.605745865e+11 7950589241 1.060350003e+11 2.020543144e+11 8863069742 1.482197555e+11 1.202467281e+11 7900690729 1.18868658e+11 1.122544539e+11 7019999960 6783112758 7.839699554e+10 7.853788182e+10 1.104670269e+11 4915158562 4181278444 4352113991 1.304760189e+11 4183702996 4294633347 4390625466 4475532349 4742874912 3871568428 4385426327 4076726783 4720550007 4465159406 4976267644 6178328189 7.826610552e+10 7.828326557e+10 6627275905 7.826961619e+10 7.826796414e+10 1.403988966e+11 5617258694 1.166970242e+11 1.167122373e+11 5706084914 5672375738 7.827598727e+10 4925041294 4808112676 5023947031 5202212253 5241878041 5225511145 1.166933704e+11 5069713350 1.059327755e+11 5713331125 5277609825 7.83499579e+10 5364918964 1.531126058e+11 7.836645041e+10 5772900566 5659296415 1.167122118e+11 5765779703 1.167252947e+11 5954918967 6397866401 7.835039176e+10 7.834523009e+10 7.833432371e+10 1.059206814e+11 0 0 0 0 0 0 0 0 0 
0 0 0 0 0 0 0 0 0 8765538042 8462964854 7.852489394e+10 1.353804616e+11 7.850431151e+10 8358558910 8617864114 7.878330615e+10 1.110802596e+11 1.207106725e+11 1.110592471e+11 4.779049671e+10 1.481827145e+11 7.868911319e+10 1.109918981e+11 7.861865005e+10 1.167231914e+11 5820056593 5679664610 5306685556 5157169617 4855015038 5083611888 4780293439 5326040947 4994251763 7.827695028e+10 4846844532 7.817764146e+10 4633645062 4925726192 4959628098 5268998332 6644607112 1.105400652e+11 7.829026331e+10 6619833750 6872463675 7.840781554e+10 6259549734 6061148726 7.826117662e+10 7.835615729e+10 6299429837 6317140894 9.775111673e+10 5930914493 1.574246882e+11 6220046937 7.839369753e+10 6219369674 1.167349607e+11 6322162675 7.769994116e+10 6370035008 6152777595 6298869468 1.059947007e+11 1.059964255e+11 6392726677 6.707198624e+10 6415892352 9.152016673e+10 6786778104 6712144806 5.883422682e+10 6424936809 1.111225769e+11 7457525470 6734759286 6718402308 6469663405 0 0 0 0 0 0 0 0 0 
0 0 0 0 0 0 0 0 0 7954639424 1.060803221e+11 1.104764261e+11 8015319920 4.787351852e+10 1.168691971e+11 1.354234713e+11 8380490975 4.794842108e+10 8162157047 8016975394 7.875791644e+10 1.357163795e+11 7725396339 7.843571136e+10 7464282641 7519461868 1.497016486e+11 7518384857 7313028285 6960896927 7220982438 7.833141e+10 6732246683 1.167593261e+11 6792476390 6405786599 6337387875 6552181116 1.013501698e+11 6977646642 7007003086 6382110815 6251249384 6381190595 1.105283709e+11 7.83031268e+10 6611360604 6482343214 6253232859 6318460917 6442484775 6336341526 6239483896 1.167528239e+11 6141695440 6536782395 6153664344 5996412552 6015910125 1.059376385e+11 6373478324 5871807111 6386975444 6296330017 6528107367 6328865175 6036866709 6515207488 1.059905864e+11 6322356871 6371528660 7230588666 6137949219 1.111154315e+11 5.87746979e+10 8.291709843e+10 5.880507733e+10 5.881222189e+10 6338183363 6190539091 1.863028921e+11 0 0 0 0 0 0 0 0 0 
0 0 0 0 0 0 0 0 0 1.318302079e+11 1.833272028e+11 7710988896 1.104189029e+11 7267684158 1.104142282e+11 7.842036895e+10 7.224638395e+10 1.10434294e+11 7466671671 7182943691 1.353873977e+11 7051934176 6870936491 7213340723 7134425574 6804169158 1.059655151e+11 7045404382 6748982474 1.106477317e+11 7.837576432e+10 1.562202019e+11 9.768094336e+10 5.875324232e+10 5.876629724e+10 6378631911 6049724920 5.880775149e+10 6245560634 7.838653917e+10 1.103529413e+11 6109226434 1.103236801e+11 6176980493 7.20383806e+10 5959773480 5925890612 5978606406 5712380556 5938776456 5878640904 5561548595 5516638502 5604044413 5525301472 5130301837 5295534955 5209581597 5189902726 5432214527 5236072661 5471824665 5116364674 5397361910 5847881707 5393369002 5362663373 5471269724 5625600147 5.871339057e+10 4983538128 5304939579 5759926910 5267921328 5341458955 5618273304 5458732674 5.868944271e+10 5.869938306e+10 5204886508 1.102990697e+11 0 0 0 0 0 0 0 0 0 
0 0 0 0 0 0 0 0 0 7.829959138e+10 6690398344 1.496990618e+11 6736616534 5.886124092e+10 6617540788 7029066437 6571761213 6396297792 5.883724711e+10 6284061676 6503039014 6570791421 5908272023 6431683216 7.827068649e+10 6381472521 5916737875 7.826598609e+10 1.904599476e+11 1.059186099e+11 5668499773 1.105176395e+11 7.826526083e+10 7.824795181e+10 6022679510 5835746358 5750127320 5569101090 4.750355274e+10 5551114138 5644436832 1.10302729e+11 5079105921 7.818118115e+10 5102033525 5295130923 5249265275 7.205740769e+10 5089341407 5043894846 5235387710 1.058772332e+11 5518368834 4728705242 4855245763 4857637670 4881074588 4840537386 4945753126 4901062569 4738024635 4855720634 4807744899 4721942116 5176225663 4712549095 4836136983 4814189170 4828809138 5036347855 5.864383511e+10 4769628974 5.866176288e+10 5.865306112e+10 4484675984 4637365163 4763022166 4465939952 4641043234 4283775629 4343604879 0 0 0 0 0 0 0 0 0 
0 0 0 0 0 0 0 0 0 0 0 0 0 0 0 0 0 0 0 0 0 0 0 0 0 0 0 0 0 0 0 0 0 0 0 0 0 0 0 0 0 0 0 0 0 0 0 0 0 0 0 0 0 0 0 0 0 0 0 0 0 0 0 0 0 0 0 0 0 0 0 0 0 0 0 0 0 0 0 0 0 0 0 0 0 0 0 0 0 0 
0 0 0 0 0 0 0 0 0 0 0 0 0 0 0 0 0 0 0 0 0 0 0 0 0 0 0 0 0 0 0 0 0 0 0 0 0 0 0 0 0 0 0 0 0 0 0 0 0 0 0 0 0 0 0 0 0 0 0 0 0 0 0 0 0 0 0 0 0 0 0 0 0 0 0 0 0 0 0 0 0 0 0 0 0 0 0 0 0 0 
0 0 0 0 0 0 0 0 0 0 0 0 0 0 0 0 0 0 0 0 0 0 0 0 0 0 0 0 0 0 0 0 0 0 0 0 0 0 0 0 0 0 0 0 0 0 0 0 0 0 0 0 0 0 0 0 0 0 0 0 0 0 0 0 0 0 0 0 0 0 0 0 0 0 0 0 0 0 0 0 0 0 0 0 0 0 0 0 0 0 
0 0 0 0 0 0 0 0 0 0 0 0 0 0 0 0 0 0 0 0 0 0 0 0 0 0 0 0 0 0 0 0 0 0 0 0 0 0 0 0 0 0 0 0 0 0 0 0 0 0 0 0 0 0 0 0 0 0 0 0 0 0 0 0 0 0 0 0 0 0 0 0 0 0 0 0 0 0 0 0 0 0 0 0 0 0 0 0 0 0 
0 0 0 0 0 0 0 0 0 0 0 0 0 0 0 0 0 0 0 0 0 0 0 0 0 0 0 0 0 0 0 0 0 0 0 0 0 0 0 0 0 0 0 0 0 0 0 0 0 0 0 0 0 0 0 0 0 0 0 0 0 0 0 0 0 0 0 0 0 0 0 0 0 0 0 0 0 0 0 0 0 0 0 0 0 0 0 0 0 0 
0 0 0 0 0 0 0 0 0 0 0 0 0 0 0 0 0 0 0 0 0 0 0 0 0 0 0 0 0 0 0 0 0 0 0 0 0 0 0 0 0 0 0 0 0 0 0 0 0 0 0 0 0 0 0 0 0 0 0 0 0 0 0 0 0 0 0 0 0 0 0 0 0 0 0 0 0 0 0 0 0 0 0 0 0 0 0 0 0 0 
0 0 0 0 0 0 0 0 0 0 0 0 0 0 0 0 0 0 0 0 0 0 0 0 0 0 0 0 0 0 0 0 0 0 0 0 0 0 0 0 0 0 0 0 0 0 0 0 0 0 0 0 0 0 0 0 0 0 0 0 0 0 0 0 0 0 0 0 0 0 0 0 0 0 0 0 0 0 0 0 0 0 0 0 0 0 0 0 0 0 
0 0 0 0 0 0 0 0 0 0 0 0 0 0 0 0 0 0 0 0 0 0 0 0 0 0 0 0 0 0 0 0 0 0 0 0 0 0 0 0 0 0 0 0 0 0 0 0 0 0 0 0 0 0 0 0 0 0 0 0 0 0 0 0 0 0 0 0 0 0 0 0 0 0 0 0 0 0 0 0 0 0 0 0 0 0 0 0 0 0 
0 0 0 0 0 0 0 0 0 0 0 0 0 0 0 0 0 0 0 0 0 0 0 0 0 0 0 0 0 0 0 0 0 0 0 0 0 0 0 0 0 0 0 0 0 0 0 0 0 0 0 0 0 0 0 0 0 0 0 0 0 0 0 0 0 0 0 0 0 0 0 0 0 0 0 0 0 0 0 0 0 0 0 0 0 0 0 0 0 0 
0 0 0 0 0 0 0 0 0 0 0 0 0 0 0 0 0 0 0 0 0 0 0 0 0 0 0 0 0 0 0 0 0 0 0 0 0 0 0 0 0 0 0 0 0 0 0 0 0 0 0 0 0 0 0 0 0 0 0 0 0 0 0 0 0 0 0 0 0 0 0 0 0 0 0 0 0 0 0 0 0 0 0 0 0 0 0 0 0 0 
0 0 0 0 0 0 0 0 0 0 0 0 0 0 0 0 0 0 0 0 0 0 0 0 0 0 0 0 0 0 0 0 0 0 0 0 0 0 0 0 0 0 0 0 0 0 0 0 0 0 0 0 0 0 0 0 0 0 0 0 0 0 0 0 0 0 0 0 0 0 0 0 0 0 0 0 0 0 0 0 0 0 0 0 0 0 0 0 0 0 
0 0 0 0 0 0 0 0 0 0 0 0 0 0 0 0 0 0 0 0 0 0 0 0 0 0 0 0 0 0 0 0 0 0 0 0 0 0 0 0 0 0 0 0 0 0 0 0 0 0 0 0 0 0 0 0 0 0 0 0 0 0 0 0 0 0 0 0 0 0 0 0 0 0 0 0 0 0 0 0 0 0 0 0 0 0 0 0 0 0 
0 0 0 0 0 0 0 0 0 0 0 0 0 0 0 0 0 0 0 0 0 0 0 0 0 0 0 0 0 0 0 0 0 0 0 0 0 0 0 0 0 0 0 0 0 0 0 0 0 0 0 0 0 0 0 0 0 0 0 0 0 0 0 0 0 0 0 0 0 0 0 0 0 0 0 0 0 0 0 0 0 0 0 0 0 0 0 0 0 0 
0 0 0 0 0 0 0 0 0 0 0 0 0 0 0 0 0 0 0 0 0 0 0 0 0 0 0 0 0 0 0 0 0 0 0 0 0 0 0 0 0 0 0 0 0 0 0 0 0 0 0 0 0 0 0 0 0 0 0 0 0 0 0 0 0 0 0 0 0 0 0 0 0 0 0 0 0 0 0 0 0 0 0 0 0 0 0 0 0 0 
0 0 0 0 0 0 0 0 0 0 0 0 0 0 0 0 0 0 0 0 0 0 0 0 0 0 0 0 0 0 0 0 0 0 0 0 0 0 0 0 0 0 0 0 0 0 0 0 0 0 0 0 0 0 0 0 0 0 0 0 0 0 0 0 0 0 0 0 0 0 0 0 0 0 0 0 0 0 0 0 0 0 0 0 0 0 0 0 0 0 
0 0 0 0 0 0 0 0 0 0 0 0 0 0 0 0 0 0 0 0 0 0 0 0 0 0 0 0 0 0 0 0 0 0 0 0 0 0 0 0 0 0 0 0 0 0 0 0 0 0 0 0 0 0 0 0 0 0 0 0 0 0 0 0 0 0 0 0 0 0 0 0 0 0 0 0 0 0 0 0 0 0 0 0 0 0 0 0 0 0 
0 0 0 0 0 0 0 0 0 0 0 0 0 0 0 0 0 0 0 0 0 0 0 0 0 0 0 0 0 0 0 0 0 0 0 0 0 0 0 0 0 0 0 0 0 0 0 0 0 0 0 0 0 0 0 0 0 0 0 0 0 0 0 0 0 0 0 0 0 0 0 0 0 0 0 0 0 0 0 0 0 0 0 0 0 0 0 0 0 0 
0 0 0 0 0 0 0 0 0 0 0 0 0 0 0 0 0 0 0 0 0 0 0 0 0 0 0 0 0 0 0 0 0 0 0 0 0 0 0 0 0 0 0 0 0 0 0 0 0 0 0 0 0 0 0 0 0 0 0 0 0 0 0 0 0 0 0 0 0 0 0 0 0 0 0 0 0 0 0 0 0 0 0 0 0 0 0 0 0 0 
0 0 0 0 0 0 0 0 0 0 0 0 0 0 0 0 0 0 0 0 0 0 0 0 0 0 0 0 0 0 0 0 0 0 0 0 0 0 0 0 0 0 0 0 0 0 0 0 0 0 0 0 0 0 0 0 0 0 0 0 0 0 0 0 0 0 0 0 0 0 0 0 0 0 0 0 0 0 0 0 0 0 0 0 0 0 0 0 0 0 
0 0 0 0 0 0 0 0 0 0 0 0 0 0 0 0 0 0 0 0 0 0 0 0 0 0 0 0 0 0 0 0 0 0 0 0 0 0 0 0 0 0 0 0 0 0 0 0 0 0 0 0 0 0 0 0 0 0 0 0 0 0 0 0 0 0 0 0 0 0 0 0 0 0 0 0 0 0 0 0 0 0 0 0 0 0 0 0 0 0 
0 0 0 0 0 0 0 0 0 0 0 0 0 0 0 0 0 0 0 0 0 0 0 0 0 0 0 0 0 0 0 0 0 0 0 0 0 0 0 0 0 0 0 0 0 0 0 0 0 0 0 0 0 0 0 0 0 0 0 0 0 0 0 0 0 0 0 0 0 0 0 0 0 0 0 0 0 0 0 0 0 0 0 0 0 0 0 0 0 0 
0 0 0 0 0 0 0 0 0 0 0 0 0 0 0 0 0 0 0 0 0 0 0 0 0 0 0 0 0 0 0 0 0 0 0 0 0 0 0 0 0 0 0 0 0 0 0 0 0 0 0 0 0 0 0 0 0 0 0 0 0 0 0 0 0 0 0 0 0 0 0 0 0 0 0 0 0 0 0 0 0 0 0 0 0 0 0 0 0 0 
0 0 0 0 0 0 0 0 0 0 0 0 0 0 0 0 0 0 0 0 0 0 0 0 0 0 0 0 0 0 0 0 0 0 0 0 0 0 0 0 0 0 0 0 0 0 0 0 0 0 0 0 0 0 0 0 0 0 0 0 0 0 0 0 0 0 0 0 0 0 0 0 0 0 0 0 0 0 0 0 0 0 0 0 0 0 0 0 0 0 
0 0 0 0 0 0 0 0 0 0 0 0 0 0 0 0 0 0 0 0 0 0 0 0 0 0 0 0 0 0 0 0 0 0 0 0 0 0 0 0 0 0 0 0 0 0 0 0 0 0 0 0 0 0 0 0 0 0 0 0 0 0 0 0 0 0 0 0 0 0 0 0 0 0 0 0 0 0 0 0 0 0 0 0 0 0 0 0 0 0 
0 0 0 0 0 0 0 0 0 0 0 0 0 0 0 0 0 0 0 0 0 0 0 0 0 0 0 0 0 0 0 0 0 0 0 0 0 0 0 0 0 0 0 0 0 0 0 0 0 0 0 0 0 0 0 0 0 0 0 0 0 0 0 0 0 0 0 0 0 0 0 0 0 0 0 0 0 0 0 0 0 0 0 0 0 0 0 0 0 0 
0 0 0 0 0 0 0 0 0 0 0 0 0 0 0 0 0 0 0 0 0 0 0 0 0 0 0 0 0 0 0 0 0 0 0 0 0 0 0 0 0 0 0 0 0 0 0 0 0 0 0 0 0 0 0 0 0 0 0 0 0 0 0 0 0 0 0 0 0 0 0 0 0 0 0 0 0 0 0 0 0 0 0 0 0 0 0 0 0 0 
0 0 0 0 0 0 0 0 0 0 0 0 0 0 0 0 0 0 0 0 0 0 0 0 0 0 0 0 0 0 0 0 0 0 0 0 0 0 0 0 0 0 0 0 0 0 0 0 0 0 0 0 0 0 0 0 0 0 0 0 0 0 0 0 0 0 0 0 0 0 0 0 0 0 0 0 0 0 0 0 0 0 0 0 0 0 0 0 0 0 
0 0 0 0 0 0 0 0 0 0 0 0 0 0 0 0 0 0 0 0 0 0 0 0 0 0 0 0 0 0 0 0 0 0 0 0 0 0 0 0 0 0 0 0 0 0 0 0 0 0 0 0 0 0 0 0 0 0 0 0 0 0 0 0 0 0 0 0 0 0 0 0 0 0 0 0 0 0 0 0 0 0 0 0 0 0 0 0 0 0 
0 0 0 0 0 0 0 0 0 0 0 0 0 0 0 0 0 0 0 0 0 0 0 0 0 0 0 0 0 0 0 0 0 0 0 0 0 0 0 0 0 0 0 0 0 0 0 0 0 0 0 0 0 0 0 0 0 0 0 0 0 0 0 0 0 0 0 0 0 0 0 0 0 0 0 0 0 0 0 0 0 0 0 0 0 0 0 0 0 0 
0 0 0 0 0 0 0 0 0 0 0 0 0 0 0 0 0 0 0 0 0 0 0 0 0 0 0 0 0 0 0 0 0 0 0 0 0 0 0 0 0 0 0 0 0 0 0 0 0 0 0 0 0 0 0 0 0 0 0 0 0 0 0 0 0 0 0 0 0 0 0 0 0 0 0 0 0 0 0 0 0 0 0 0 0 0 0 0 0 0 
0 0 0 0 0 0 0 0 0 0 0 0 0 0 0 0 0 0 0 0 0 0 0 0 0 0 0 0 0 0 0 0 0 0 0 0 0 0 0 0 0 0 0 0 0 0 0 0 0 0 0 0 0 0 0 0 0 0 0 0 0 0 0 0 0 0 0 0 0 0 0 0 0 0 0 0 0 0 0 0 0 0 0 0 0 0 0 0 0 0 
0 0 0 0 0 0 0 0 0 0 0 0 0 0 0 0 0 0 0 0 0 0 0 0 0 0 0 0 0 0 0 0 0 0 0 0 0 0 0 0 0 0 0 0 0 0 0 0 0 0 0 0 0 0 0 0 0 0 0 0 0 0 0 0 0 0 0 0 0 0 0 0 0 0 0 0 0 0 0 0 0 0 0 0 0 0 0 0 0 0 
0 0 0 0 0 0 0 0 0 0 0 0 0 0 0 0 0 0 0 0 0 0 0 0 0 0 0 0 0 0 0 0 0 0 0 0 0 0 0 0 0 0 0 0 0 0 0 0 0 0 0 0 0 0 0 0 0 0 0 0 0 0 0 0 0 0 0 0 0 0 0 0 0 0 0 0 0 0 0 0 0 0 0 0 0 0 0 0 0 0 
0 0 0 0 0 0 0 0 0 0 0 0 0 0 0 0 0 0 0 0 0 0 0 0 0 0 0 0 0 0 0 0 0 0 0 0 0 0 0 0 0 0 0 0 0 0 0 0 0 0 0 0 0 0 0 0 0 0 0 0 0 0 0 0 0 0 0 0 0 0 0 0 0 0 0 0 0 0 0 0 0 0 0 0 0 0 0 0 0 0 
0 0 0 0 0 0 0 0 0 0 0 0 0 0 0 0 0 0 0 0 0 0 0 0 0 0 0 0 0 0 0 0 0 0 0 0 0 0 0 0 0 0 0 0 0 0 0 0 0 0 0 0 0 0 0 0 0 0 0 0 0 0 0 0 0 0 0 0 0 0 0 0 0 0 0 0 0 0 0 0 0 0 0 0 0 0 0 0 0 0 
0 0 0 0 0 0 0 0 0 0 0 0 0 0 0 0 0 0 0 0 0 0 0 0 0 0 0 0 0 0 0 0 0 0 0 0 0 0 0 0 0 0 0 0 0 0 0 0 0 0 0 0 0 0 0 0 0 0 0 0 0 0 0 0 0 0 0 0 0 0 0 0 0 0 0 0 0 0 0 0 0 0 0 0 0 0 0 0 0 0 
# Events [PSD_Backtrace/PSD_Backtrace.dat] N:
0 0 0 0 0 0 0 0 0 0 0 0 0 0 0 0 0 0 0 0 0 0 0 0 0 0 0 0 0 0 0 0 0 0 0 0 0 0 0 0 0 0 0 0 0 0 0 0 0 0 0 0 0 0 0 0 0 0 0 0 0 0 0 0 0 0 0 0 0 0 0 0 0 0 0 0 0 0 0 0 0 0 0 0 0 0 0 0 0 0 
0 0 0 0 0 0 0 0 0 0 0 0 0 0 0 0 0 0 0 0 0 0 0 0 0 0 0 0 0 0 0 0 0 0 0 0 0 0 0 0 0 0 0 0 0 0 0 0 0 0 0 0 0 0 0 0 0 0 0 0 0 0 0 0 0 0 0 0 0 0 0 0 0 0 0 0 0 0 0 0 0 0 0 0 0 0 0 0 0 0 
0 0 0 0 0 0 0 0 0 0 0 0 0 0 0 0 0 0 0 0 0 0 0 0 0 0 0 0 0 0 0 0 0 0 0 0 0 0 0 0 0 0 0 0 0 0 0 0 0 0 0 0 0 0 0 0 0 0 0 0 0 0 0 0 0 0 0 0 0 0 0 0 0 0 0 0 0 0 0 0 0 0 0 0 0 0 0 0 0 0 
0 0 0 0 0 0 0 0 0 0 0 0 0 0 0 0 0 0 0 0 0 0 0 0 0 0 0 0 0 0 0 0 0 0 0 0 0 0 0 0 0 0 0 0 0 0 0 0 0 0 0 0 0 0 0 0 0 0 0 0 0 0 0 0 0 0 0 0 0 0 0 0 0 0 0 0 0 0 0 0 0 0 0 0 0 0 0 0 0 0 
0 0 0 0 0 0 0 0 0 0 0 0 0 0 0 0 0 0 0 0 0 0 0 0 0 0 0 0 0 0 0 0 0 0 0 0 0 0 0 0 0 0 0 0 0 0 0 0 0 0 0 0 0 0 0 0 0 0 0 0 0 0 0 0 0 0 0 0 0 0 0 0 0 0 0 0 0 0 0 0 0 0 0 0 0 0 0 0 0 0 
0 0 0 0 0 0 0 0 0 0 0 0 0 0 0 0 0 0 0 0 0 0 0 0 0 0 0 0 0 0 0 0 0 0 0 0 0 0 0 0 0 0 0 0 0 0 0 0 0 0 0 0 0 0 0 0 0 0 0 0 0 0 0 0 0 0 0 0 0 0 0 0 0 0 0 0 0 0 0 0 0 0 0 0 0 0 0 0 0 0 
0 0 0 0 0 0 0 0 0 0 0 0 0 0 0 0 0 0 0 0 0 0 0 0 0 0 0 0 0 0 0 0 0 0 0 0 0 0 0 0 0 0 0 0 0 0 0 0 0 0 0 0 0 0 0 0 0 0 0 0 0 0 0 0 0 0 0 0 0 0 0 0 0 0 0 0 0 0 0 0 0 0 0 0 0 0 0 0 0 0 
0 0 0 0 0 0 0 0 0 0 0 0 0 0 0 0 0 0 0 0 0 0 0 0 0 0 0 0 0 0 0 0 0 0 0 0 0 0 0 0 0 0 0 0 0 0 0 0 0 0 0 0 0 0 0 0 0 0 0 0 0 0 0 0 0 0 0 0 0 0 0 0 0 0 0 0 0 0 0 0 0 0 0 0 0 0 0 0 0 0 
0 0 0 0 0 0 0 0 0 0 0 0 0 0 0 0 0 0 0 0 0 0 0 0 0 0 0 0 0 0 0 0 0 0 0 0 0 0 0 0 0 0 0 0 0 0 0 0 0 0 0 0 0 0 0 0 0 0 0 0 0 0 0 0 0 0 0 0 0 0 0 0 0 0 0 0 0 0 0 0 0 0 0 0 0 0 0 0 0 0 
0 0 0 0 0 0 0 0 0 0 0 0 0 0 0 0 0 0 0 0 0 0 0 0 0 0 0 0 0 0 0 0 0 0 0 0 0 0 0 0 0 0 0 0 0 0 0 0 0 0 0 0 0 0 0 0 0 0 0 0 0 0 0 0 0 0 0 0 0 0 0 0 0 0 0 0 0 0 0 0 0 0 0 0 0 0 0 0 0 0 
0 0 0 0 0 0 0 0 0 0 0 0 0 0 0 0 0 0 0 0 0 0 0 0 0 0 0 0 0 0 0 0 0 0 0 0 0 0 0 0 0 0 0 0 0 0 0 0 0 0 0 0 0 0 0 0 0 0 0 0 0 0 0 0 0 0 0 0 0 0 0 0 0 0 0 0 0 0 0 0 0 0 0 0 0 0 0 0 0 0 
0 0 0 0 0 0 0 0 0 0 0 0 0 0 0 0 0 0 0 0 0 0 0 0 0 0 0 0 0 0 0 0 0 0 0 0 0 0 0 0 0 0 0 0 0 0 0 0 0 0 0 0 0 0 0 0 0 0 0 0 0 0 0 0 0 0 0 0 0 0 0 0 0 0 0 0 0 0 0 0 0 0 0 0 0 0 0 0 0 0 
0 0 0 0 0 0 0 0 0 0 0 0 0 0 0 0 0 0 0 0 0 0 0 0 0 0 0 0 0 0 0 0 0 0 0 0 0 0 0 0 0 0 0 0 0 0 0 0 0 0 0 0 0 0 0 0 0 0 0 0 0 0 0 0 0 0 0 0 0 0 0 0 0 0 0 0 0 0 0 0 0 0 0 0 0 0 0 0 0 0 
0 0 0 0 0 0 0 0 0 0 0 0 0 0 0 0 0 0 0 0 0 0 0 0 0 0 0 0 0 0 0 0 0 0 0 0 0 0 0 0 0 0 0 0 0 0 0 0 0 0 0 0 0 0 0 0 0 0 0 0 0 0 0 0 0 0 0 0 0 0 0 0 0 0 0 0 0 0 0 0 0 0 0 0 0 0 0 0 0 0 
0 0 0 0 0 0 0 0 0 0 0 0 0 0 0 0 0 0 0 0 0 0 0 0 0 0 0 0 0 0 0 0 0 0 0 0 0 0 0 0 0 0 0 0 0 0 0 0 0 0 0 0 0 0 0 0 0 0 0 0 0 0 0 0 0 0 0 0 0 0 0 0 0 0 0 0 0 0 0 0 0 0 0 0 0 0 0 0 0 0 
0 0 0 0 0 0 0 0 0 0 0 0 0 0 0 0 0 0 0 0 0 0 0 0 0 0 0 0 0 0 0 0 0 0 0 0 0 0 0 0 0 0 0 0 0 0 0 0 0 0 0 0 0 0 0 0 0 0 0 0 0 0 0 0 0 0 0 0 0 0 0 0 0 0 0 0 0 0 0 0 0 0 0 0 0 0 0 0 0 0 
0 0 0 0 0 0 0 0 0 0 0 0 0 0 0 0 0 0 0 0 0 0 0 0 0 0 0 0 0 0 0 0 0 0 0 0 0 0 0 0 0 0 0 0 0 0 0 0 0 0 0 0 0 0 0 0 0 0 0 0 0 0 0 0 0 0 0 0 0 0 0 0 0 0 0 0 0 0 0 0 0 0 0 0 0 0 0 0 0 0 
0 0 0 0 0 0 0 0 0 0 0 0 0 0 0 0 0 0 0 0 0 0 0 0 0 0 0 0 0 0 0 0 0 0 0 0 0 0 0 0 0 0 0 0 0 0 0 0 0 0 0 0 0 0 0 0 0 0 0 0 0 0 0 0 0 0 0 0 0 0 0 0 0 0 0 0 0 0 0 0 0 0 0 0 0 0 0 0 0 0 
0 0 0 0 0 0 0 0 0 0 0 0 0 0 0 0 0 0 0 0 0 0 0 0 0 0 0 0 0 0 0 0 0 0 0 0 0 0 0 0 0 0 0 0 0 0 0 0 0 0 0 0 0 0 0 0 0 0 0 0 0 0 0 0 0 0 0 0 0 0 0 0 0 0 0 0 0 0 0 0 0 0 0 0 0 0 0 0 0 0 
0 0 0 0 0 0 0 0 0 0 0 0 0 0 0 0 0 0 0 0 0 0 0 0 0 0 0 0 0 0 0 0 0 0 0 0 0 0 0 0 0 0 0 0 0 0 0 0 0 0 0 0 0 0 0 0 0 0 0 0 0 0 0 0 0 0 0 0 0 0 0 0 0 0 0 0 0 0 0 0 0 0 0 0 0 0 0 0 0 0 
0 0 0 0 0 0 0 0 0 0 0 0 0 0 0 0 0 0 0 0 0 0 0 0 0 0 0 0 0 0 0 0 0 0 0 0 0 0 0 0 0 0 0 0 0 0 0 0 0 0 0 0 0 0 0 0 0 0 0 0 0 0 0 0 0 0 0 0 0 0 0 0 0 0 0 0 0 0 0 0 0 0 0 0 0 0 0 0 0 0 
0 0 0 0 0 0 0 0 0 0 0 0 0 0 0 0 0 0 0 0 0 0 0 0 0 0 0 0 0 0 0 0 0 0 0 0 0 0 0 0 0 0 0 0 0 0 0 0 0 0 0 0 0 0 0 0 0 0 0 0 0 0 0 0 0 0 0 0 0 0 0 0 0 0 0 0 0 0 0 0 0 0 0 0 0 0 0 0 0 0 
0 0 0 0 0 0 0 0 0 0 0 0 0 0 0 0 0 0 0 0 0 0 0 0 0 0 0 0 0 0 0 0 0 0 0 0 0 0 0 0 0 0 0 0 0 0 0 0 0 0 0 0 0 0 0 0 0 0 0 0 0 0 0 0 0 0 0 0 0 0 0 0 0 0 0 0 0 0 0 0 0 0 0 0 0 0 0 0 0 0 
0 0 0 0 0 0 0 0 0 0 0 0 0 0 0 0 0 0 0 0 0 0 0 0 0 0 0 0 0 0 0 0 0 0 0 0 0 0 0 0 0 0 0 0 0 0 0 0 0 0 0 0 0 0 0 0 0 0 0 0 0 0 0 0 0 0 0 0 0 0 0 0 0 0 0 0 0 0 0 0 0 0 0 0 0 0 0 0 0 0 
0 0 0 0 0 0 0 0 0 0 0 0 0 0 0 0 0 0 0 0 0 0 0 0 0 0 0 0 0 0 0 0 0 0 0 0 0 0 0 0 0 0 0 0 0 0 0 0 0 0 0 0 0 0 0 0 0 0 0 0 0 0 0 0 0 0 0 0 0 0 0 0 0 0 0 0 0 0 0 0 0 0 0 0 0 0 0 0 0 0 
0 0 0 0 0 0 0 0 0 0 0 0 0 0 0 0 0 0 0 0 0 0 0 0 0 0 0 0 0 0 0 0 0 0 0 0 0 0 0 0 0 0 0 0 0 0 0 0 0 0 0 0 0 0 0 0 0 0 0 0 0 0 0 0 0 0 0 0 0 0 0 0 0 0 0 0 0 0 0 0 0 0 0 0 0 0 0 0 0 0 
0 0 0 0 0 0 0 0 0 0 0 0 0 0 0 0 0 0 0 0 0 0 0 0 0 0 0 0 0 0 0 0 0 0 0 0 0 0 0 0 0 0 0 0 0 0 0 0 0 0 0 0 0 0 0 0 0 0 0 0 0 0 0 0 0 0 0 0 0 0 0 0 0 0 0 0 0 0 0 0 0 0 0 0 0 0 0 0 0 0 
0 0 0 0 0 0 0 0 0 0 0 0 0 0 0 0 0 0 0 0 0 0 0 0 0 0 0 0 0 0 0 0 0 0 0 0 0 0 0 0 0 0 0 0 0 0 0 0 0 0 0 0 0 0 0 0 0 0 0 0 0 0 0 0 0 0 0 0 0 0 0 0 0 0 0 0 0 0 0 0 0 0 0 0 0 0 0 0 0 0 
0 0 0 0 0 0 0 0 0 0 0 0 0 0 0 0 0 0 0 0 0 0 0 0 0 0 0 0 0 0 0 0 0 0 0 0 0 0 0 0 0 0 0 0 0 0 0 0 0 0 0 0 0 0 0 0 0 0 0 0 0 0 0 0 0 0 0 0 0 0 0 0 0 0 0 0 0 0 0 0 0 0 0 0 0 0 0 0 0 0 
0 0 0 0 0 0 0 0 0 0 0 0 0 0 0 0 0 0 0 0 0 0 0 0 0 0 0 0 0 0 0 0 0 0 0 0 0 0 0 0 0 0 0 0 0 0 0 0 0 0 0 0 0 0 0 0 0 0 0 0 0 0 0 0 0 0 0 0 0 0 0 0 0 0 0 0 0 0 0 0 0 0 0 0 0 0 0 0 0 0 
0 0 0 0 0 0 0 0 0 0 0 0 0 0 0 0 0 0 0 0 0 0 0 0 0 0 0 0 0 0 0 0 0 0 0 0 0 0 0 0 0 0 0 0 0 0 0 0 0 0 0 0 0 0 0 0 0 0 0 0 0 0 0 0 0 0 0 0 0 0 0 0 0 0 0 0 0 0 0 0 0 0 0 0 0 0 0 0 0 0 
0 0 0 0 0 0 0 0 0 0 0 0 0 0 0 0 0 0 0 0 0 0 0 0 0 0 0 0 0 0 0 0 0 0 0 0 0 0 0 0 0 0 0 0 0 0 0 0 0 0 0 0 0 0 0 0 0 0 0 0 0 0 0 0 0 0 0 0 0 0 0 0 0 0 0 0 0 0 0 0 0 0 0 0 0 0 0 0 0 0 
0 0 0 0 0 0 0 0 0 0 0 0 0 0 0 0 0 0 0 0 0 0 0 0 0 0 0 0 0 0 0 0 0 0 0 0 0 0 0 0 0 0 0 0 0 0 0 0 0 0 0 0 0 0 0 0 0 0 0 0 0 0 0 0 0 0 0 0 0 0 0 0 0 0 0 0 0 0 0 0 0 0 0 0 0 0 0 0 0 0 
0 0 0 0 0 0 0 0 0 0 0 0 0 0 0 0 0 0 0 0 0 0 0 0 0 0 0 0 0 0 0 0 0 0 0 0 0 0 0 0 0 0 0 0 0 0 0 0 0 0 0 0 0 0 0 0 0 0 0 0 0 0 0 0 0 0 0 0 0 0 0 0 0 0 0 0 0 0 0 0 0 0 0 0 0 0 0 0 0 0 
0 0 0 0 0 0 0 0 0 0 0 0 0 0 0 0 0 0 0 0 0 0 0 0 0 0 0 0 0 0 0 0 0 0 0 0 0 0 0 0 0 0 0 0 0 0 0 0 0 0 0 0 0 0 0 0 0 0 0 0 0 0 0 0 0 0 0 0 0 0 0 0 0 0 0 0 0 0 0 0 0 0 0 0 0 0 0 0 0 0 
0 0 0 0 0 0 0 0 0 0 0 0 0 0 0 0 0 0 0 0 0 0 0 0 0 0 0 0 0 0 0 0 0 0 0 0 0 0 0 0 0 0 0 0 0 0 0 0 0 0 0 0 0 0 0 0 0 0 0 0 0 0 0 0 0 0 0 0 0 0 0 0 0 0 0 0 0 0 0 0 0 0 0 0 0 0 0 0 0 0 
0 0 0 0 0 0 0 0 0 6854 6716 6662 6646 6719 6522 6553 6501 6509 6519 6414 6434 6317 6293 6271 6176 6202 6343 6029 6212 6142 6187 6063 5838 6169 5877 5931 6068 5860 6007 5851 5924 6074 6162 6127 5974 5928 6043 6097 5921 5860 5672 5712 5700 5577 5424 5506 5459 5490 5391 5321 5143 5183 5014 5195 4962 4972 4833 4791 4803 4608 4592 4419 4490 4534 4348 4166 4119 4187 4082 3967 3894 0 0 0 0 0 0 0 0 0 
0 0 0 0 0 0 0 0 0 11310 11623 11508 11342 11317 10944 11072 10877 10578 10665 10252 10025 9484 9234 8871 8820 8915 8903 8830 8963 8855 8912 8987 8807 8871 8914 9130 8918 8882 8868 9113 8858 8947 8833 8617 8675 8756 8372 8032 7839 8179 8083 8101 7950 7845 7905 7619 7640 7611 7503 7614 7239 7110 7092 6973 6788 6924 6796 6687 6605 6513 6390 6477 6316 6206 6129 6060 5852 5988 5733 5385 5433 0 0 0 0 0 0 0 0 0 
0 0 0 0 0 0 0 0 0 13372 13594 13845 14196 14196 14180 14445 14157 14034 13911 13805 14045 13727 13613 13382 12842 12446 12244 11831 11944 11794 11539 11436 11681 11523 11593 11836 11706 11678 11563 11895 11801 11986 12511 12606 13021 12716 12334 11999 11575 11660 11559 11314 11352 11077 11250 11182 11013 10716 10681 10715 10670 10516 10368 10141 10302 10145 10023 10107 9767 9599 9726 9684 9484 9357 9150 9128 9157 8872 8761 8439 8417 0 0 0 0 0 0 0 0 0 
0 0 0 0 0 0 0 0 0 12240 12726 13106 13397 13279 13235 13323 13133 12990 13245 13361 13224 12751 12443 11524 10671 9314 8210 7570 7418 7186 7306 7227 7122 7298 7280 7288 7378 7459 7517 7524 8052 9015 10527 11980 13187 13696 13972 13632 13325 12921 12679 12537 12187 12196 12159 11989 11942 11825 11746 12058 11787 11764 11442 11327 11365 11238 11151 10782 10971 10647 10525 10550 10399 10198 10306 9970 10021 9735 9259 8947 8777 0 0 0 0 0 0 0 0 0 
0 0 0 0 0 0 0 0 0 10786 11145 11542 11534 11681 11884 11806 11577 11519 12020 12392 12450 11852 10557 10091 8554 7021 5348 4490 4291 4530 4485 4435 4487 4649 4480 4602 4713 4651 4634 4721 5285 6547 8330 9966 11417 12109 12761 12428 11728 10773 10041 10081 10068 9639 9544 9366 9312 9332 9404 9622 9678 9655 9195 9140 9234 9070 9206 8977 8960 8903 8902 8616 8594 8486 8376 8432 8274 7834 7802 7422 7073 0 0 0 0 0 0 0 0 0 
0 0 0 0 0 0 0 0 0 9322 9760 10082 10077 10110 10218 10304 10045 10154 10503 11204 11778 10874 10220 9407 7853 6055 4424 3548 3661 3777 3846 3741 3789 3799 3906 3836 3875 3958 3858 3775 4206 5360 7217 9049 10693 11999 12634 12482 11927 10618 10114 9980 9746 9424 9431 9165 9080 8955 9109 9269 9460 9179 9028 8829 8975 8928 8781 8560 8474 8289 8264 7986 7876 7470 7487 7261 6972 6743 6368 5884 5795 0 0 0 0 0 0 0 0 0 
0 0 0 0 0 0 0 0 0 8168 8256 8756 8822 8961 8951 9050 8705 8999 9586 10300 10419 9637 8653 7981 6810 5039 3378 2756 2736 2863 3042 2956 2970 2930 3013 3127 2982 2862 2772 2733 3053 4192 6389 8470 10489 11704 12575 12697 11798 11086 10347 10123 9917 9801 9352 9292 9076 8938 9100 9265 9346 9257 8955 8936 9084 8833 8925 8820 8618 8472 8328 8043 7816 7530 7245 7029 6916 6614 6263 5936 5536 0 0 0 0 0 0 0 0 0 
0 0 0 0 0 0 0 0 0 7580 7966 7992 8074 8409 8385 8318 8253 8313 8950 9661 9602 8794 7887 7172 6034 4211 2778 1991 2021 2199 2242 2291 2245 2281 2228 2145 2203 2231 2009 1864 2361 3623 5529 7925 10174 11557 12087 12388 11677 11009 10080 9954 9591 9542 9335 9108 8835 8568 8814 8975 9107 8902 8809 8631 8666 8743 8442 8583 8406 8335 8260 8024 7686 7657 7390 7125 6819 6678 6176 5919 5459 0 0 0 0 0 0 0 0 0 
0 0 0 0 0 0 0 0 0 7615 7600 7868 7855 7823 8322 8372 8341 8207 9170 9397 9518 8657 7956 7142 5778 4176 2600 1868 2011 2046 2190 2118 2100 2115 2112 2053 2096 2045 1956 1800 2259 3461 5648 7928 10012 11383 12288 12264 11926 10894 9882 9609 9545 9444 9400 8813 8842 8431 8537 8617 8835 8784 8843 8399 8771 8709 8696 8496 8235 8232 7964 7887 7679 7273 7095 7088 6763 6343 6033 5867 5303 0 0 0 0 0 0 0 0 0 
0 0 0 0 0 0 0 0 0 7458 7663 7838 7899 8130 8257 8391 8064 8117 8751 9413 9316 8581 7683 7151 5933 4001 2593 1891 1893 2112 2134 2085 2140 2091 2148 2044 2066 2025 1849 1741 2228 3587 5731 8044 10325 11464 12166 12355 11739 10962 9878 9562 9524 9399 9244 8933 8840 8532 8485 8621 8596 8665 8309 8550 8620 8607 8520 8489 8331 8146 8252 7835 7764 7345 7204 6973 6653 6440 6038 5833 5416 0 0 0 0 0 0 0 0 0 
0 0 0 0 0 0 0 0 0 7819 7731 7721 8132 8076 8198 8235 8133 7964 8936 9609 9658 8535 7823 7046 5982 4131 2708 1924 1999 2170 2205 2190 2159 2122 2128 2130 2161 2054 1841 1864 2245 3552 5712 7923 10135 11459 12225 12410 11875 10832 10072 9725 9710 9474 9121 9081 8671 8492 8503 8812 8986 8695 8766 8246 8767 8723 8499 8564 8415 8328 8064 7957 7665 7491 7128 6891 6815 6401 6234 5745 5428 0 0 0 0 0 0 0 0 0 
0 0 0 0 0 0 0 0 0 8022 7904 8306 8664 8535 8662 8611 8497 8523 9159 9901 10117 9206 8363 7653 6474 4674 3273 2523 2447 2651 2734 2774 2769 2728 2802 2644 2830 2689 2569 2431 2923 4152 6143 8329 10544 11735 12387 12656 12014 11063 10394 10007 10027 9611 9560 9239 8860 8877 8739 9041 9314 9354 8758 8932 8899 8766 8515 8836 8538 8267 8165 8084 7747 7508 7328 7086 6866 6596 6327 6072 5584 0 0 0 0 0 0 0 0 0 
0 0 0 0 0 0 0 0 0 9059 9345 9667 9480 9633 9964 9956 9827 9622 10302 11000 11457 10669 9793 9089 7723 5704 4399 3724 3565 3713 3737 3840 3757 3822 3787 3902 3755 3796 3606 3571 4087 5272 7035 9074 11062 11675 12674 12551 12144 11042 10192 10185 10076 9767 9307 9013 8965 8808 9047 9282 9511 9303 8914 8850 8940 8889 8864 8718 8469 8373 8262 8058 7783 7564 7286 7139 7042 6735 6393 6048 5551 0 0 0 0 0 0 0 0 0 
0 0 0 0 0 0 0 0 0 10471 10798 11082 11031 11248 11436 11164 10958 11208 11699 12454 12353 11700 10678 9830 8447 6488 5097 4313 4152 4206 4180 4261 4271 4441 4420 4456 4437 4401 4427 4544 5179 6125 8007 9694 11174 11873 12053 12111 11372 10239 9722 9627 9379 9164 9034 8868 8514 8479 8608 8927 8977 8676 8487 8494 8465 8442 8573 8328 8359 8285 8357 8190 7955 7855 7859 7907 7718 7629 7358 6962 6647 0 0 0 0 0 0 0 0 0 
0 0 0 0 0 0 0 0 0 11916 12433 12391 12625 12725 12903 12656 12613 12602 12836 12776 13170 12013 11513 10727 9496 8098 7111 6301 6180 5968 5934 5967 6058 5893 6032 6090 6259 6218 6339 6354 6958 8011 9508 10674 11602 12420 13066 12726 12332 11685 11514 11471 11499 11153 10954 10828 10794 10690 10663 10835 10829 10521 10570 10599 10375 10605 10346 10304 10455 10275 10323 10053 9747 9767 9708 9687 9736 9430 9250 8755 8574 0 0 0 0 0 0 0 0 0 
0 0 0 0 0 0 0 0 0 12135 12405 12541 12493 12587 12643 12558 12329 12497 12474 12209 12295 11752 11796 11608 11364 10913 10674 10278 10416 10016 10067 10166 10102 10267 10084 9949 10121 10046 10002 10251 10291 10669 10699 10944 10880 11054 10947 10669 10554 10487 10444 10369 10343 10227 9888 10150 9956 9728 9646 9614 9842 9363 9710 9501 9366 9173 9247 9211 9166 9037 9074 8932 8640 8795 8407 8410 8348 8210 8017 8136 7866 0 0 0 0 0 0 0 0 0 
0 0 0 0 0 0 0 0 0 11342 11701 11588 11646 11439 11446 11194 11198 10987 10722 10517 10449 9524 9064 9045 8993 9023 8865 9009 9059 8859 8911 8872 8924 8901 9018 8954 8889 8986 8879 8883 8899 8854 8659 8631 8408 8319 8095 8239 8005 7929 7898 8080 7886 7822 7728 7521 7695 7366 7405 7432 7452 7324 7149 7114 7008 7080 6914 6991 6785 6699 6587 6538 6543 6329 6190 6248 6048 5962 5758 5820 5771 0 0 0 0 0 0 0 0 0 
0 0 0 0 0 0 0 0 0 8601 8777 8476 8395 8135 7895 7944 7889 7502 7650 7277 7115 6688 6613 6611 6565 6651 6778 6621 6601 6530 6689 6576 6497 6701 6769 6609 6581 6543 6671 6737 6688 6671 6589 6586 6536 6253 6345 6461 6406 6440 6265 6246 6318 5950 6082 6083 6020 5975 5816 5836 5879 5732 5622 5542 5382 5436 5370 5325 5306 5354 5141 5132 5037 4874 4765 4761 4805 4755 4535 4452 4523 0 0 0 0 0 0 0 0 0 
0 0 0 0 0 0 0 0 0 0 0 0 0 0 0 0 0 0 0 0 0 0 0 0 0 0 0 0 0 0 0 0 0 0 0 0 0 0 0 0 0 0 0 0 0 0 0 0 0 0 0 0 0 0 0 0 0 0 0 0 0 0 0 0 0 0 0 0 0 0 0 0 0 0 0 0 0 0 0 0 0 0 0 0 0 0 0 0 0 0 
0 0 0 0 0 0 0 0 0 0 0 0 0 0 0 0 0 0 0 0 0 0 0 0 0 0 0 0 0 0 0 0 0 0 0 0 0 0 0 0 0 0 0 0 0 0 0 0 0 0 0 0 0 0 0 0 0 0 0 0 0 0 0 0 0 0 0 0 0 0 0 0 0 0 0 0 0 0 0 0 0 0 0 0 0 0 0 0 0 0 
0 0 0 0 0 0 0 0 0 0 0 0 0 0 0 0 0 0 0 0 0 0 0 0 0 0 0 0 0 0 0 0 0 0 0 0 0 0 0 0 0 0 0 0 0 0 0 0 0 0 0 0 0 0 0 0 0 0 0 0 0 0 0 0 0 0 0 0 0 0 0 0 0 0 0 0 0 0 0 0 0 0 0 0 0 0 0 0 0 0 
0 0 0 0 0 0 0 0 0 0 0 0 0 0 0 0 0 0 0 0 0 0 0 0 0 0 0 0 0 0 0 0 0 0 0 0 0 0 0 0 0 0 0 0 0 0 0 0 0 0 0 0 0 0 0 0 0 0 0 0 0 0 0 0 0 0 0 0 0 0 0 0 0 0 0 0 0 0 0 0 0 0 0 0 0 0 0 0 0 0 
0 0 0 0 0 0 0 0 0 0 0 0 0 0 0 0 0 0 0 0 0 0 0 0 0 0 0 0 0 0 0 0 0 0 0 0 0 0 0 0 0 0 0 0 0 0 0 0 0 0 0 0 0 0 0 0 0 0 0 0 0 0 0 0 0 0 0 0 0 0 0 0 0 0 0 0 0 0 0 0 0 0 0 0 0 0 0 0 0 0 
0 0 0 0 0 0 0 0 0 0 0 0 0 0 0 0 0 0 0 0 0 0 0 0 0 0 0 0 0 0 0 0 0 0 0 0 0 0 0 0 0 0 0 0 0 0 0 0 0 0 0 0 0 0 0 0 0 0 0 0 0 0 0 0 0 0 0 0 0 0 0 0 0 0 0 0 0 0 0 0 0 0 0 0 0 0 0 0 0 0 
0 0 0 0 0 0 0 0 0 0 0 0 0 0 0 0 0 0 0 0 0 0 0 0 0 0 0 0 0 0 0 0 0 0 0 0 0 0 0 0 0 0 0 0 0 0 0 0 0 0 0 0 0 0 0 0 0 0 0 0 0 0 0 0 0 0 0 0 0 0 0 0 0 0 0 0 0 0 0 0 0 0 0 0 0 0 0 0 0 0 
0 0 0 0 0 0 0 0 0 0 0 0 0 0 0 0 0 0 0 0 0 0 0 0 0 0 0 0 0 0 0 0 0 0 0 0 0 0 0 0 0 0 0 0 0 0 0 0 0 0 0 0 0 0 0 0 0 0 0 0 0 0 0 0 0 0 0 0 0 0 0 0 0 0 0 0 0 0 0 0 0 0 0 0 0 0 0 0 0 0 
0 0 0 0 0 0 0 0 0 0 0 0 0 0 0 0 0 0 0 0 0 0 0 0 0 0 0 0 0 0 0 0 0 0 0 0 0 0 0 0 0 0 0 0 0 0 0 0 0 0 0 0 0 0 0 0 0 0 0 0 0 0 0 0 0 0 0 0 0 0 0 0 0 0 0 0 0 0 0 0 0 0 0 0 0 0 0 0 0 0 
0 0 0 0 0 0 0 0 0 0 0 0 0 0 0 0 0 0 0 0 0 0 0 0 0 0 0 0 0 0 0 0 0 0 0 0 0 0 0 0 0 0 0 0 0 0 0 0 0 0 0 0 0 0 0 0 0 0 0 0 0 0 0 0 0 0 0 0 0 0 0 0 0 0 0 0 0 0 0 0 0 0 0 0 0 0 0 0 0 0 
0 0 0 0 0 0 0 0 0 0 0 0 0 0 0 0 0 0 0 0 0 0 0 0 0 0 0 0 0 0 0 0 0 0 0 0 0 0 0 0 0 0 0 0 0 0 0 0 0 0 0 0 0 0 0 0 0 0 0 0 0 0 0 0 0 0 0 0 0 0 0 0 0 0 0 0 0 0 0 0 0 0 0 0 0 0 0 0 0 0 
0 0 0 0 0 0 0 0 0 0 0 0 0 0 0 0 0 0 0 0 0 0 0 0 0 0 0 0 0 0 0 0 0 0 0 0 0 0 0 0 0 0 0 0 0 0 0 0 0 0 0 0 0 0 0 0 0 0 0 0 0 0 0 0 0 0 0 0 0 0 0 0 0 0 0 0 0 0 0 0 0 0 0 0 0 0 0 0 0 0 
0 0 0 0 0 0 0 0 0 0 0 0 0 0 0 0 0 0 0 0 0 0 0 0 0 0 0 0 0 0 0 0 0 0 0 0 0 0 0 0 0 0 0 0 0 0 0 0 0 0 0 0 0 0 0 0 0 0 0 0 0 0 0 0 0 0 0 0 0 0 0 0 0 0 0 0 0 0 0 0 0 0 0 0 0 0 0 0 0 0 
0 0 0 0 0 0 0 0 0 0 0 0 0 0 0 0 0 0 0 0 0 0 0 0 0 0 0 0 0 0 0 0 0 0 0 0 0 0 0 0 0 0 0 0 0 0 0 0 0 0 0 0 0 0 0 0 0 0 0 0 0 0 0 0 0 0 0 0 0 0 0 0 0 0 0 0 0 0 0 0 0 0 0 0 0 0 0 0 0 0 
0 0 0 0 0 0 0 0 0 0 0 0 0 0 0 0 0 0 0 0 0 0 0 0 0 0 0 0 0 0 0 0 0 0 0 0 0 0 0 0 0 0 0 0 0 0 0 0 0 0 0 0 0 0 0 0 0 0 0 0 0 0 0 0 0 0 0 0 0 0 0 0 0 0 0 0 0 0 0 0 0 0 0 0 0 0 0 0 0 0 
0 0 0 0 0 0 0 0 0 0 0 0 0 0 0 0 0 0 0 0 0 0 0 0 0 0 0 0 0 0 0 0 0 0 0 0 0 0 0 0 0 0 0 0 0 0 0 0 0 0 0 0 0 0 0 0 0 0 0 0 0 0 0 0 0 0 0 0 0 0 0 0 0 0 0 0 0 0 0 0 0 0 0 0 0 0 0 0 0 0 
0 0 0 0 0 0 0 0 0 0 0 0 0 0 0 0 0 0 0 0 0 0 0 0 0 0 0 0 0 0 0 0 0 0 0 0 0 0 0 0 0 0 0 0 0 0 0 0 0 0 0 0 0 0 0 0 0 0 0 0 0 0 0 0 0 0 0 0 0 0 0 0 0 0 0 0 0 0 0 0 0 0 0 0 0 0 0 0 0 0 
0 0 0 0 0 0 0 0 0 0 0 0 0 0 0 0 0 0 0 0 0 0 0 0 0 0 0 0 0 0 0 0 0 0 0 0 0 0 0 0 0 0 0 0 0 0 0 0 0 0 0 0 0 0 0 0 0 0 0 0 0 0 0 0 0 0 0 0 0 0 0 0 0 0 0 0 0 0 0 0 0 0 0 0 0 0 0 0 0 0 
0 0 0 0 0 0 0 0 0 0 0 0 0 0 0 0 0 0 0 0 0 0 0 0 0 0 0 0 0 0 0 0 0 0 0 0 0 0 0 0 0 0 0 0 0 0 0 0 0 0 0 0 0 0 0 0 0 0 0 0 0 0 0 0 0 0 0 0 0 0 0 0 0 0 0 0 0 0 0 0 0 0 0 0 0 0 0 0 0 0 
0 0 0 0 0 0 0 0 0 0 0 0 0 0 0 0 0 0 0 0 0 0 0 0 0 0 0 0 0 0 0 0 0 0 0 0 0 0 0 0 0 0 0 0 0 0 0 0 0 0 0 0 0 0 0 0 0 0 0 0 0 0 0 0 0 0 0 0 0 0 0 0 0 0 0 0 0 0 0 0 0 0 0 0 0 0 0 0 0 0 
0 0 0 0 0 0 0 0 0 0 0 0 0 0 0 0 0 0 0 0 0 0 0 0 0 0 0 0 0 0 0 0 0 0 0 0 0 0 0 0 0 0 0 0 0 0 0 0 0 0 0 0 0 0 0 0 0 0 0 0 0 0 0 0 0 0 0 0 0 0 0 0 0 0 0 0 0 0 0 0 0 0 0 0 0 0 0 0 0 0 
0 0 0 0 0 0 0 0 0 0 0 0 0 0 0 0 0 0 0 0 0 0 0 0 0 0 0 0 0 0 0 0 0 0 0 0 0 0 0 0 0 0 0 0 0 0 0 0 0 0 0 0 0 0 0 0 0 0 0 0 0 0 0 0 0 0 0 0 0 0 0 0 0 0 0 0 0 0 0 0 0 0 0 0 0 0 0 0 0 0 
0 0 0 0 0 0 0 0 0 0 0 0 0 0 0 0 0 0 0 0 0 0 0 0 0 0 0 0 0 0 0 0 0 0 0 0 0 0 0 0 0 0 0 0 0 0 0 0 0 0 0 0 0 0 0 0 0 0 0 0 0 0 0 0 0 0 0 0 0 0 0 0 0 0 0 0 0 0 0 0 0 0 0 0 0 0 0 0 0 0 
0 0 0 0 0 0 0 0 0 0 0 0 0 0 0 0 0 0 0 0 0 0 0 0 0 0 0 0 0 0 0 0 0 0 0 0 0 0 0 0 0 0 0 0 0 0 0 0 0 0 0 0 0 0 0 0 0 0 0 0 0 0 0 0 0 0 0 0 0 0 0 0 0 0 0 0 0 0 0 0 0 0 0 0 0 0 0 0 0 0 
0 0 0 0 0 0 0 0 0 0 0 0 0 0 0 0 0 0 0 0 0 0 0 0 0 0 0 0 0 0 0 0 0 0 0 0 0 0 0 0 0 0 0 0 0 0 0 0 0 0 0 0 0 0 0 0 0 0 0 0 0 0 0 0 0 0 0 0 0 0 0 0 0 0 0 0 0 0 0 0 0 0 0 0 0 0 0 0 0 0 
0 0 0 0 0 0 0 0 0 0 0 0 0 0 0 0 0 0 0 0 0 0 0 0 0 0 0 0 0 0 0 0 0 0 0 0 0 0 0 0 0 0 0 0 0 0 0 0 0 0 0 0 0 0 0 0 0 0 0 0 0 0 0 0 0 0 0 0 0 0 0 0 0 0 0 0 0 0 0 0 0 0 0 0 0 0 0 0 0 0 
0 0 0 0 0 0 0 0 0 0 0 0 0 0 0 0 0 0 0 0 0 0 0 0 0 0 0 0 0 0 0 0 0 0 0 0 0 0 0 0 0 0 0 0 0 0 0 0 0 0 0 0 0 0 0 0 0 0 0 0 0 0 0 0 0 0 0 0 0 0 0 0 0 0 0 0 0 0 0 0 0 0 0 0 0 0 0 0 0 0 
0 0 0 0 0 0 0 0 0 0 0 0 0 0 0 0 0 0 0 0 0 0 0 0 0 0 0 0 0 0 0 0 0 0 0 0 0 0 0 0 0 0 0 0 0 0 0 0 0 0 0 0 0 0 0 0 0 0 0 0 0 0 0 0 0 0 0 0 0 0 0 0 0 0 0 0 0 0 0 0 0 0 0 0 0 0 0 0 0 0 
0 0 0 0 0 0 0 0 0 0 0 0 0 0 0 0 0 0 0 0 0 0 0 0 0 0 0 0 0 0 0 0 0 0 0 0 0 0 0 0 0 0 0 0 0 0 0 0 0 0 0 0 0 0 0 0 0 0 0 0 0 0 0 0 0 0 0 0 0 0 0 0 0 0 0 0 0 0 0 0 0 0 0 0 0 0 0 0 0 0 
0 0 0 0 0 0 0 0 0 0 0 0 0 0 0 0 0 0 0 0 0 0 0 0 0 0 0 0 0 0 0 0 0 0 0 0 0 0 0 0 0 0 0 0 0 0 0 0 0 0 0 0 0 0 0 0 0 0 0 0 0 0 0 0 0 0 0 0 0 0 0 0 0 0 0 0 0 0 0 0 0 0 0 0 0 0 0 0 0 0 
0 0 0 0 0 0 0 0 0 0 0 0 0 0 0 0 0 0 0 0 0 0 0 0 0 0 0 0 0 0 0 0 0 0 0 0 0 0 0 0 0 0 0 0 0 0 0 0 0 0 0 0 0 0 0 0 0 0 0 0 0 0 0 0 0 0 0 0 0 0 0 0 0 0 0 0 0 0 0 0 0 0 0 0 0 0 0 0 0 0 
0 0 0 0 0 0 0 0 0 0 0 0 0 0 0 0 0 0 0 0 0 0 0 0 0 0 0 0 0 0 0 0 0 0 0 0 0 0 0 0 0 0 0 0 0 0 0 0 0 0 0 0 0 0 0 0 0 0 0 0 0 0 0 0 0 0 0 0 0 0 0 0 0 0 0 0 0 0 0 0 0 0 0 0 0 0 0 0 0 0 
0 0 0 0 0 0 0 0 0 0 0 0 0 0 0 0 0 0 0 0 0 0 0 0 0 0 0 0 0 0 0 0 0 0 0 0 0 0 0 0 0 0 0 0 0 0 0 0 0 0 0 0 0 0 0 0 0 0 0 0 0 0 0 0 0 0 0 0 0 0 0 0 0 0 0 0 0 0 0 0 0 0 0 0 0 0 0 0 0 0 
0 0 0 0 0 0 0 0 0 0 0 0 0 0 0 0 0 0 0 0 0 0 0 0 0 0 0 0 0 0 0 0 0 0 0 0 0 0 0 0 0 0 0 0 0 0 0 0 0 0 0 0 0 0 0 0 0 0 0 0 0 0 0 0 0 0 0 0 0 0 0 0 0 0 0 0 0 0 0 0 0 0 0 0 0 0 0 0 0 0 
0 0 0 0 0 0 0 0 0 0 0 0 0 0 0 0 0 0 0 0 0 0 0 0 0 0 0 0 0 0 0 0 0 0 0 0 0 0 0 0 0 0 0 0 0 0 0 0 0 0 0 0 0 0 0 0 0 0 0 0 0 0 0 0 0 0 0 0 0 0 0 0 0 0 0 0 0 0 0 0 0 0 0 0 0 0 0 0 0 0 
0 0 0 0 0 0 0 0 0 0 0 0 0 0 0 0 0 0 0 0 0 0 0 0 0 0 0 0 0 0 0 0 0 0 0 0 0 0 0 0 0 0 0 0 0 0 0 0 0 0 0 0 0 0 0 0 0 0 0 0 0 0 0 0 0 0 0 0 0 0 0 0 0 0 0 0 0 0 0 0 0 0 0 0 0 0 0 0 0 0 
