# Format: McCode with text headers
# URL: http://www.mccode.org
# Creator:  3.99.99, git
# Instrument: ODIN_MCPL_TOF_train4.instr
# Ncount: 12787302
# Trace: no
# Gravitation: no
# TOF_TRAIN: 100
# Seed: 1000
# Directory: Filterscan/0
# Nodes: 12
# Param: l_min=1
# Param: l_max=11
# Param: n_pulses=1
# Param: wfm_delta=0.3
# Param: bp_frequency=7
# Param: WFM1_phase_offset=0
# Param: jitter_wfmc_1=0
# Param: WFM2_phase_offset=0
# Param: jitter_wfmc_2=0
# Param: fo1_phase_offset=0
# Param: jitter_fo_chopper_1=0
# Param: bp1_phase_offset=0
# Param: jitter_bp1=0
# Param: fo2_phase_offset=0
# Param: jitter_fo_chopper_2=0
# Param: bp2_phase_offset=0
# Param: jitter_bp2=0
# Param: t0_phase_offset=0
# Param: jit_t0_sec=0
# Param: fo3_phase_offset=0
# Param: jitter_fo_chopper_3=0
# Param: fo4_phase_offset=0
# Param: jitter_fo_chopper_4=0
# Param: fo5_phase_offset=0
# Param: jitter_fo_chopper_5=0
# Param: choppers=2
# Param: target_tsplit=3
# Param: filter=0
# Param: repeat=1
# Param: v_smear=0.1
# Param: pos_smear=0.01
# Param: dir_smear=0.01
# Date: Sun Mar  1 17:38:51 2026 (1772383131)
# type: array_1d(300)
# Source: ODIN_MCPL_baseline (ODIN_MCPL_TOF_train4.instr)
# component: wavelength
# position: 49.4198 0 -35.0741
# title: Wavelength [Angs] monitor
# Ncount: 153447624
# filename: wavelength.dat
# statistics: X0=3.58133; dX=1.42582;
# signal: Min=0; Max=5.79383e+07; Mean=8.03108e+06;
# values: 2.40932e+09 8.17576e+07 44025
# xvar: L
# yvar: (I,I_err)
# xlabel: Wavelength [Angs]
# ylabel: Intensity [n/s/bin]
# xlimits: 0.5 10
# variables: L I I_err N
0.5158333333 0 0 0 
0.5475 0 0 0 
0.5791666667 0 0 0 
0.6108333333 0 0 0 
0.6425 0 0 0 
0.6741666667 0 0 0 
0.7058333333 0 0 0 
0.7375 0 0 0 
0.7691666667 0 0 0 
0.8008333333 0 0 0 
0.8325 0 0 0 
0.8641666667 0 0 0 
0.8958333333 0 0 0 
0.9275 0 0 0 
0.9591666667 0 0 0 
0.9908333333 126.9914284 120.9974345 39 
1.0225 1667527.398 1258696.376 292 
1.054166667 1190102.603 492024.283 447 
1.085833333 4182244.714 1151504.903 679 
1.1175 5449124.536 1275061.64 846 
1.149166667 5672995.566 1712682.749 963 
1.180833333 3954801.302 873998.3849 1050 
1.2125 6169398.12 1310832.913 1106 
1.244166667 13055004.89 4522282.244 1136 
1.275833333 9745189.661 2361889.678 1164 
1.3075 8307791.642 2002197.745 1237 
1.339166667 11029199.58 2987520.703 1201 
1.370833333 17359205.62 4571458.682 1305 
1.4025 9679932.418 2066464.394 1236 
1.434166667 15197557.88 3408849.662 1193 
1.465833333 8099703.459 2668805.899 1172 
1.4975 6063555.802 1370241.266 1153 
1.529166667 8311339.995 2185533.039 1124 
1.560833333 10029089.43 1875360.09 1089 
1.5925 9419551.328 2143485.527 1139 
1.624166667 16493807.6 4490048.128 990 
1.655833333 9661658.325 2473595.22 1002 
1.6875 6051420.564 1605279.465 1011 
1.719166667 9759850.076 3076497.407 922 
1.750833333 8982141.918 2241853.13 962 
1.7825 6815953.731 1881867.147 879 
1.814166667 25063580.94 8880027.334 819 
1.845833333 8883697.396 2558975.7 769 
1.8775 11426978 3058718.074 759 
1.909166667 10369690.32 3637969.902 715 
1.940833333 9456401.691 2778888.987 630 
1.9725 6639987.338 1808519.823 689 
2.004166667 6835218.503 1844123.922 630 
2.035833333 12529053.13 3049857.188 587 
2.0675 21065023.29 5724154.95 593 
2.099166667 10160366.8 2754641.344 527 
2.130833333 14492573.53 4080958.128 527 
2.1625 8177481.848 2606399.71 484 
2.194166667 11960635.97 3778139.124 478 
2.225833333 7043149.858 1877530.394 414 
2.2575 14318838.97 6448663.045 397 
2.289166667 15183923.89 4004557.235 334 
2.320833333 11936001.1 3218643.91 331 
2.3525 5247524.205 1989008.166 267 
2.384166667 4712066.294 1620901.016 249 
2.415833333 11370105.12 4861968.976 228 
2.4475 8183557.483 2876130.45 165 
2.479166667 8920945.167 3800615.564 133 
2.510833333 16012827.73 5453143.81 166 
2.5425 20892392.19 6917971.609 216 
2.574166667 29684654.25 13050245.42 262 
2.605833333 20589660.99 6025794.318 269 
2.6375 21404691.28 6348160.273 250 
2.669166667 40863767.56 8376823.507 252 
2.700833333 26325773.29 8357719.823 220 
2.7325 17694584.13 4738223.052 251 
2.764166667 28973844.14 7091568.728 220 
2.795833333 22556350.07 4993313.835 206 
2.8275 50373253.25 13083054.99 185 
2.859166667 30588323.54 8788890.504 183 
2.890833333 36836985.14 8033066.618 195 
2.9225 21327986.33 6967260.843 189 
2.954166667 27386814.01 7990923.478 164 
2.985833333 22935488.47 6058407.053 165 
3.0175 32352039.39 9343968.246 154 
3.049166667 27084783 7301899.439 159 
3.080833333 17844179.71 5195858.285 142 
3.1125 36194389.75 7282675.956 162 
3.144166667 27792700.44 9015540.358 128 
3.175833333 32521200 7390399.628 143 
3.2075 32941902.28 8614203.114 109 
3.239166667 26218004.87 7352599.643 125 
3.270833333 13099667.23 3846046.123 120 
3.3025 41460727.96 10668914.14 89 
3.334166667 57938307.11 36235367.56 120 
3.365833333 23048403.69 7026982.077 106 
3.3975 33150708.73 11276241.53 111 
3.429166667 26140760.02 10740028.75 86 
3.460833333 27170428.6 7518285.695 101 
3.4925 20459193.46 6281926.746 69 
3.524166667 28378554.76 9865407.175 95 
3.555833333 34073721.04 8722590.519 95 
3.5875 26132616.73 7738154.227 85 
3.619166667 26355943.58 7953317.878 77 
3.650833333 23025274.47 7248401.191 66 
3.6825 29963436.32 9954623.98 72 
3.714166667 18705876.04 5941117.628 65 
3.745833333 17696702.51 5427788.332 49 
3.7775 10813532.27 3378902.624 46 
3.809166667 14235395.03 5790940.807 41 
3.840833333 10223446.02 3399700.922 44 
3.8725 16985908.66 6118220.718 39 
3.904166667 3821693.274 2232726.33 37 
3.935833333 10020468.8 3582996.624 50 
3.9675 13879502.13 5208071.238 54 
3.999166667 22931890.58 8595498.396 57 
4.030833333 19062441.37 6152926.001 55 
4.0625 3977395.332 1847223.115 41 
4.094166667 20739928.26 7179161.221 46 
4.125833333 13901544.09 4342920.938 53 
4.1575 10092242.54 4165244.668 34 
4.189166667 20274192.72 7271136.265 54 
4.220833333 18797061.25 7308584.731 47 
4.2525 11183087.45 4528725.297 35 
4.284166667 15071001.21 6382806.014 35 
4.315833333 17178515.47 5649225.041 51 
4.3475 15519798.85 6453881.059 25 
4.379166667 6875934.047 3009100.673 24 
4.410833333 6049008.519 2611894.368 30 
4.4425 9209250.747 3764154.377 28 
4.474166667 2031841.409 1224883.959 24 
4.505833333 4323275.599 1902518.963 36 
4.5375 15854713.15 12420467.72 28 
4.569166667 23062547.06 8796434.778 36 
4.600833333 11553352.51 4778774.74 27 
4.6325 11449997.93 4539219.195 25 
4.664166667 6639192.878 3904657.393 22 
4.695833333 13679160.62 6063327.943 27 
4.7275 8081179.599 3658934.351 24 
4.759166667 6706822.414 3257969.979 23 
4.790833333 5593169.799 2831734.142 25 
4.8225 14608978.97 6407834.619 23 
4.854166667 11193636 3980412.207 33 
4.885833333 2921935.658 1788803.447 14 
4.9175 9644614.94 4102462.881 26 
4.949166667 9120876.491 5497106.593 16 
4.980833333 5707735.044 2467754.92 15 
5.0125 11198815.31 7555167.991 15 
5.044166667 6385256.583 4084439.192 10 
5.075833333 920893.24 800893.3594 7 
5.1075 7666767.997 3754071.609 13 
5.139166667 12482574.09 6375658.166 24 
5.170833333 3380221.196 1997369.668 10 
5.2025 4848345.562 3252397.194 11 
5.234166667 1271097.5 778639.6238 15 
5.265833333 4220266.21 2957912.289 14 
5.2975 9696157.896 8174738.055 18 
5.329166667 7013161.921 4073675.5 11 
5.360833333 5030415.264 3040527.509 11 
5.3925 11190195.88 5736776.256 15 
5.424166667 7946285.629 3491200.082 13 
5.455833333 7602158.121 3430166.302 17 
5.4875 13627495.35 5661674.748 16 
5.519166667 2892407.74 2337713.47 6 
5.550833333 9446046.617 5732131.504 11 
5.5825 10646709.55 5109338.851 17 
5.614166667 932360.9847 943507.8877 11 
5.645833333 4384593.206 3127103.501 13 
5.6775 473204.2042 493856.716 10 
5.709166667 9351368.037 6263391.645 8 
5.740833333 11225596.48 9463176.132 7 
5.7725 2801810.654 1987356.758 8 
5.804166667 4004298.232 3205509.426 8 
5.835833333 8023667.429 3373856.273 13 
5.8675 5488328.294 3436115.969 9 
5.899166667 1567596.695 1480564.693 8 
5.930833333 9683033.461 5996548.853 10 
5.9625 7887.002144 8482.608265 4 
5.994166667 6597113.215 5016378.335 6 
6.025833333 2104264.639 2272840.593 6 
6.0575 7675888.321 3972126.369 12 
6.089166667 785147.6542 818563.6236 10 
6.120833333 2074365.991 1315399.615 8 
6.1525 3478603.925 2099434.252 6 
6.184166667 18407364.81 15824394.73 4 
6.215833333 10870165.24 7008371.197 7 
6.2475 3371484.67 2144427.105 8 
6.279166667 3310139.467 3317098.035 5 
6.310833333 1407783.077 1625140.36 3 
6.3425 5677397.82 5878440.627 8 
6.374166667 2725226.486 2625353.975 4 
6.405833333 2258605.241 2282325.381 5 
6.4375 91873.90538 91775.94215 5 
6.469166667 6899905.279 5058272.515 9 
6.500833333 1768615.019 1817056.336 6 
6.5325 3719581.797 2853374.173 5 
6.564166667 2965040.807 3199370.06 6 
6.595833333 15963.85087 14030.7914 3 
6.6275 2983306.239 2155190.063 6 
6.659166667 11913858.32 8758567.751 9 
6.690833333 13282487.56 6370619.292 13 
6.7225 322669.087 342040.3227 7 
6.754166667 527128.2831 645282.6491 2 
6.785833333 39231.30978 47850.9469 2 
6.8175 252722.0247 282551.8133 4 
6.849166667 1987489.345 2139796.451 5 
6.880833333 3801022.407 4243925.453 4 
6.9125 523785.5232 519331.2846 3 
6.944166667 1056832.313 1138978.568 6 
6.975833333 9577790.336 7517388.242 7 
7.0075 127.1275702 155.6988396 2 
7.039166667 586353.5522 626136.3764 4 
7.070833333 4928551.452 2792279.977 8 
7.1025 542739.1023 399253.9189 4 
7.134166667 55461.57045 60371.89984 5 
7.165833333 8177171.605 6508931.355 5 
7.1975 1843151.295 1843151.295 1 
7.229166667 3284158.937 3792189.431 3 
7.260833333 845717.8886 976541.2881 3 
7.2925 50.15428105 57.91057341 3 
7.324166667 5449123.967 6673786.466 2 
7.355833333 1471339.294 1471339.294 1 
7.3875 692897.5519 848622.7231 2 
7.419166667 823967.308 662827.8838 6 
7.450833333 2279936.635 2792340.701 2 
7.4825 0 0 0 
7.514166667 24357.92419 18076.12215 2 
7.545833333 34034.66086 39291.1865 3 
7.5775 1488.950101 1823.584 2 
7.609166667 325144.7688 360211.5445 4 
7.640833333 2682926.882 2567931.703 5 
7.6725 29462.97871 29462.97871 1 
7.704166667 1349990.034 1412539.759 2 
7.735833333 8997.595684 8997.595684 1 
7.7675 1486716.226 1817866.278 2 
7.799166667 10848.15841 13286.22638 2 
7.830833333 3647895.543 3683202.871 2 
7.8625 3148056.132 3855565.603 2 
7.894166667 2.64187252 3.001680272 2 
7.925833333 2282509.28 2551284.19 4 
7.9575 484870.4006 586258.5902 2 
7.989166667 1861879.706 2005189.29 6 
8.020833333 7186.629589 8801.787685 2 
8.0525 7223.215884 6514.338507 3 
8.084166667 2002593.182 2215050.685 3 
8.115833333 4.177211267e-06 3.482121949e-06 2 
8.1475 875.7403229 875.7403229 1 
8.179166667 2.7119429 2.997027719 2 
8.210833333 637218.1234 778344.5392 2 
8.2425 26.22437203 26.22437203 1 
8.274166667 28.76147285 33.21088819 3 
8.305833333 0 0 0 
8.3375 2961602.099 3419441.039 3 
8.369166667 281695.2111 345004.7651 2 
8.400833333 12591.62598 12591.62598 1 
8.4325 7.141413399e-10 8.746409435e-10 2 
8.464166667 0 0 0 
8.495833333 670.1558256 670.1558256 1 
8.5275 2622192.162 2622192.162 1 
8.559166667 3911.065646 3911.065646 1 
8.590833333 1.916166382e-07 1.916166382e-07 1 
8.6225 898238.2417 1100112.67 2 
8.654166667 20930.66442 25634.72284 2 
8.685833333 82510.28414 91955.19024 4 
8.7175 0 0 0 
8.749166667 0 0 0 
8.780833333 4431.525326 4431.525326 1 
8.8125 0 0 0 
8.844166667 192.0600153 192.0600153 1 
8.875833333 0 0 0 
8.9075 9.362942448e-23 9.362942448e-23 1 
8.939166667 0 0 0 
8.970833333 0 0 0 
9.0025 0 0 0 
9.034166667 0 0 0 
9.065833333 0 0 0 
9.0975 0 0 0 
9.129166667 0 0 0 
9.160833333 0 0 0 
9.1925 0 0 0 
9.224166667 0 0 0 
9.255833333 0 0 0 
9.2875 0 0 0 
9.319166667 0 0 0 
9.350833333 0 0 0 
9.3825 0 0 0 
9.414166667 0 0 0 
9.445833333 0 0 0 
9.4775 0 0 0 
9.509166667 0 0 0 
9.540833333 0 0 0 
9.5725 0 0 0 
9.604166667 0 0 0 
9.635833333 0 0 0 
9.6675 0 0 0 
9.699166667 0 0 0 
9.730833333 0 0 0 
9.7625 0 0 0 
9.794166667 0 0 0 
9.825833333 0 0 0 
9.8575 0 0 0 
9.889166667 0 0 0 
9.920833333 0 0 0 
9.9525 0 0 0 
9.984166667 0 0 0 
