# Format: McCode with text headers
# URL: http://www.mccode.org
# Creator:  3.99.99, git
# Instrument: ODIN_MCPL_baseline.instr
# Ncount: 885236
# Trace: no
# Gravitation: no
# Seed: 1000
# Directory: Filterscan/1
# Nodes: 12
# Param: l_min=1
# Param: l_max=11
# Param: n_pulses=1
# Param: wfm_delta=0.3
# Param: bp_frequency=7
# Param: WFM1_phase_offset=0
# Param: jitter_wfmc_1=0
# Param: WFM2_phase_offset=0
# Param: jitter_wfmc_2=0
# Param: fo1_phase_offset=0
# Param: jitter_fo_chopper_1=0
# Param: bp1_phase_offset=0
# Param: jitter_bp1=0
# Param: fo2_phase_offset=0
# Param: jitter_fo_chopper_2=0
# Param: bp2_phase_offset=0
# Param: jitter_bp2=0
# Param: t0_phase_offset=0
# Param: jit_t0_sec=0
# Param: fo3_phase_offset=0
# Param: jitter_fo_chopper_3=0
# Param: fo4_phase_offset=0
# Param: jitter_fo_chopper_4=0
# Param: fo5_phase_offset=0
# Param: jitter_fo_chopper_5=0
# Param: choppers=2
# Param: repeat=1
# Param: v_smear=0.1
# Param: pos_smear=0.01
# Param: dir_smear=0.01
# Param: filter=1
# Date: Sun Mar  1 17:29:24 2026 (1772382564)
# type: array_1d(300)
# Source: ODIN_MCPL_baseline (ODIN_MCPL_baseline.instr)
# component: profile_y
# position: 49.4198 0 -35.0741
# title: y [m] monitor
# Ncount: 10622832
# filename: profile_y.dat
# statistics: X0=0.00192524; dX=0.080599;
# signal: Min=5.97068e-17; Max=4.17183e+08; Mean=1.01736e+07;
# values: 3.05209e+09 4.42982e+08 2319
# xvar: y
# yvar: (I,I_err)
# xlabel: y [m]
# ylabel: Intensity [n/s/bin]
# xlimits: -0.15 0.15
# variables: y I I_err N
-0.1495 106.6426331 116.8118151 5 
-0.1485 88977.31414 97469.76412 5 
-0.1475 18915.61156 21841.86685 3 
-0.1465 19938.33195 21264.06503 7 
-0.1455 17061849.9 15167672.5 9 
-0.1445 33445917.99 37393672.64 4 
-0.1435 945.3122689 1021.04429 6 
-0.1425 7043429.724 7528120.521 7 
-0.1415 17185652.12 17735712.75 9 
-0.1405 761648.6588 807845.8006 8 
-0.1395 4741739.18 5121662.912 6 
-0.1385 7842102.549 8317058.906 8 
-0.1375 9848094.138 10201780.67 6 
-0.1365 29892109.22 28860775.52 7 
-0.1355 37170570.42 26082102.55 12 
-0.1345 11067457.41 12373793.55 4 
-0.1335 1516715.344 1620699.091 7 
-0.1325 650775.9706 702918.3336 6 
-0.1315 1.129740125e-07 1.18242185e-07 6 
-0.1305 0.7345044194 0.7685788659 9 
-0.1295 3.138441381e-06 3.355134148e-06 7 
-0.1285 7130312.448 6619143.261 8 
-0.1275 12565679.18 12149090.7 9 
-0.1265 380416.3811 381377.8766 13 
-0.1255 13091270.13 13424946.47 7 
-0.1245 11543778.7 12645572.51 5 
-0.1235 0.007826527019 0.008772458009 3 
-0.1225 6029037.96 5837422.616 10 
-0.1215 2498195.023 2602910.791 9 
-0.1205 34703503.8 31982473.62 9 
-0.1195 6661245.226 7065317.503 8 
-0.1185 182.3257449 199.7162105 5 
-0.1175 131.4478158 108.9746302 5 
-0.1165 15.25766632 15.47169151 6 
-0.1155 0.07208662521 0.07597669029 9 
-0.1145 26347831.94 26621412.41 7 
-0.1135 2322547.185 1786597.831 4 
-0.1125 24666830.55 20989147.56 3 
-0.1115 283.3975853 326.967859 3 
-0.1105 17.69927713 18.90159121 7 
-0.1095 2708185.937 2925175.134 6 
-0.1085 0.05017784398 0.0505203729 6 
-0.1075 25876239.57 19970445.75 10 
-0.1065 8844631.441 9688808.306 5 
-0.1055 37757911.83 40044418.22 8 
-0.1045 8661.46047 8905.287058 3 
-0.1035 59530.15221 62030.21094 8 
-0.1025 62.62709478 66.00906844 9 
-0.1015 57982.93224 63341.44426 5 
-0.1005 303045.4189 247061.0957 12 
-0.0995 15824600.86 11838116.48 7 
-0.0985 4415081.544 4682873.332 8 
-0.0975 17264044.24 15448606.04 15 
-0.0965 7060715.11 7277875.455 13 
-0.0955 20692761.2 22667784.16 5 
-0.0945 8357671.27 6310189.875 9 
-0.0935 11147614.05 11917034.49 7 
-0.0925 12809574.8 12829130.54 10 
-0.0915 2494412.393 2586665.203 12 
-0.0905 1.512253648 1.655436762 5 
-0.0895 20175.58659 19577.79321 4 
-0.0885 58022792.77 55041967.03 9 
-0.0875 35108754.62 38459713.74 5 
-0.0865 74565.0028 80769.81542 5 
-0.0855 11832265.57 12276060.02 13 
-0.0845 11345604.7 12081165.95 7 
-0.0835 138.167054 159.5268164 3 
-0.0825 15675691.23 8824562.309 16 
-0.0815 5304899.866 3960878.681 4 
-0.0805 972203.3283 775324.6057 7 
-0.0795 0.01182615964 0.01254333182 8 
-0.0785 181438.7011 189140.508 7 
-0.0775 36446599.77 21133468.11 7 
-0.0765 7905008.265 8538382.843 6 
-0.0755 5079794.007 4991248.21 9 
-0.0745 19510.82959 20389.44485 7 
-0.0735 875.5914918 978.7439746 4 
-0.0725 532074.594 568811.499 7 
-0.0715 18744400.8 19873011.03 8 
-0.0705 16092534.26 11677407.63 10 
-0.0695 11.49699913 8.565211756 8 
-0.0685 4647971.898 3865552.655 6 
-0.0675 2.32506466 2.025377225 6 
-0.0665 666793.8611 769947.2304 3 
-0.0655 28007791.85 16851543.25 11 
-0.0645 34443882.05 34673869.54 7 
-0.0635 4041911.616 3310733.825 5 
-0.0625 21295512.79 16258810.99 6 
-0.0615 28752458.25 21203936.34 11 
-0.0605 10199356.38 10630323.58 9 
-0.0595 2409.379601 2509.102191 9 
-0.0585 51184485.58 32764802 9 
-0.0575 7682686.51 8415956.21 5 
-0.0565 735.2980889 775.0722276 9 
-0.0555 13207993.71 10693962.33 11 
-0.0545 29441200.49 17519109.6 8 
-0.0535 25240.55452 26707.96976 8 
-0.0525 5048.893794 5363.985915 7 
-0.0515 33272111.08 27615885.87 15 
-0.0505 17228709.88 18609133.55 6 
-0.0495 7897.710864 7421.101586 10 
-0.0485 14688114.06 15702191.43 7 
-0.0475 1929779.301 2014893.755 8 
-0.0465 14256404.61 13892523.79 7 
-0.0455 1122702.17 1136983.27 8 
-0.0445 13002.01228 11332.75262 9 
-0.0435 6514591.626 6868452.845 8 
-0.0425 1.072245961e-06 1.238122988e-06 3 
-0.0415 9.010388333 9.868187777 5 
-0.0405 604161.5379 631305.7524 8 
-0.0395 141.4444875 100.5506805 8 
-0.0385 674.6639655 604.0163507 8 
-0.0375 2960685.685 2823876.941 8 
-0.0365 8592.609434 9113.838165 8 
-0.0355 1176987.459 1221424.382 12 
-0.0345 2874702.418 3029178.747 9 
-0.0335 367054.3994 382142.2238 4 
-0.0325 11851760.58 12340234.18 11 
-0.0315 2.479240612 2.769398637 4 
-0.0305 12940459.73 9525424.55 11 
-0.0295 37158590.83 38720016.1 11 
-0.0285 3046834.797 2805598.801 10 
-0.0275 6681970.307 6925950.515 13 
-0.0265 59813237.98 45689417.81 7 
-0.0255 1976351.589 2095763.915 8 
-0.0245 5215964.115 4043261.068 6 
-0.0235 82487.29551 88798.59886 6 
-0.0225 8115760.975 6196337.9 7 
-0.0215 15264844.31 15580911.58 16 
-0.0205 4539916.52 4903667.231 6 
-0.0195 7395950.086 7242527.602 10 
-0.0185 19438941.35 20781101.2 7 
-0.0175 132126.7376 140054.6777 8 
-0.0165 17477.03767 18672.13929 7 
-0.0155 20590553.73 18725419.43 7 
-0.0145 4008685.448 4143299.563 10 
-0.0135 13807.47408 14632.51062 8 
-0.0125 9772657.341 9161531.941 11 
-0.0115 4657900.014 3553569.591 8 
-0.0105 690958.9256 739632.7975 6 
-0.0095 7.254722105 7.293369283 5 
-0.0085 9912230.286 10396003.35 10 
-0.0075 107049.293 84097.2217 10 
-0.0065 41832214.42 32188432.7 11 
-0.0055 2157407.122 1871965.39 11 
-0.0045 15535361.83 11759879.69 5 
-0.0035 4756.382434 4959.751219 10 
-0.0025 2926304.518 3011179.092 8 
-0.0015 14.5715696 10.86381569 10 
-0.0005 9326891.746 8258309.28 9 
0.0005 2171364.192 2281157.008 3 
0.0015 4468658.499 4575655.893 12 
0.0025 1294934.357 1373480.189 8 
0.0035 12150313.47 8889559.556 12 
0.0045 27963.67779 27587.28389 5 
0.0055 236358.5539 250695.9507 8 
0.0065 24566349.26 25746773.6 10 
0.0075 3640737.899 3982032.675 5 
0.0085 24716509.44 19388029.12 10 
0.0095 10797460.55 11223705.16 10 
0.0105 431.8624774 466.459479 6 
0.0115 295779.5532 293939.188 10 
0.0125 26832682.67 29360776.93 5 
0.0135 1823734.587 1891185.371 13 
0.0145 45911679.86 26451869.09 15 
0.0155 36422733.48 23181439.38 8 
0.0165 174238.4343 182742.3609 10 
0.0175 33322839.02 31671268.52 12 
0.0185 67023904.89 41782993.21 15 
0.0195 6340817.631 6550385.871 9 
0.0205 2121643.251 2051935.468 8 
0.0215 26698176.28 21204450.06 9 
0.0225 30531.32543 32173.76071 9 
0.0235 5420578.398 5794842.057 7 
0.0245 3521037.649 2319081.674 9 
0.0255 3654.20495 3756.392346 5 
0.0265 6.916710177 7.237677115 8 
0.0275 26251.31859 22360.78656 8 
0.0285 19.18662385 18.60046376 7 
0.0295 13749294.43 9773567.75 10 
0.0305 20678250.78 20393088.02 9 
0.0315 9.145981016 10.56069494 3 
0.0325 5.970678619e-17 6.887167472e-17 3 
0.0335 34489979.7 29796970.1 13 
0.0345 29864724.22 26754835.1 13 
0.0355 0.0002264847933 0.0002292607305 4 
0.0365 17447212.71 11248221.45 14 
0.0375 951940.0913 780854.4609 5 
0.0385 16871891.25 16971362.43 9 
0.0395 23124799.18 24961740.42 6 
0.0405 12451099.2 8253928.855 8 
0.0415 3020.32141 3169.85198 8 
0.0425 629394.6862 667191.7732 8 
0.0435 6706054.203 6250642.416 11 
0.0445 10366365.13 8782875.106 7 
0.0455 670556.2026 711231.657 8 
0.0465 4431465.166 4556450.236 15 
0.0475 9548843.234 9027401.477 12 
0.0485 19065660.88 16721869.38 9 
0.0495 70023.38814 69730.26368 9 
0.0505 311816.1812 325658.7956 11 
0.0515 782124.0347 688213.9829 9 
0.0525 5998870.042 6323053.075 9 
0.0535 4366.783741 4183.951356 6 
0.0545 417182841.9 392220678.4 14 
0.0555 2381722.373 2300303.105 11 
0.0565 6.622681806 6.030345748 9 
0.0575 300387.746 315022.5967 10 
0.0585 20097.71996 24614.57945 2 
0.0595 4693787.692 4945859.744 9 
0.0605 2.705684484e-13 2.705684484e-13 1 
0.0615 1683467.051 1735251.572 11 
0.0625 12581452.91 13344160.21 8 
0.0635 17177934.76 18363632.19 7 
0.0645 1646.826185 1434.323235 10 
0.0655 1512757.632 1522667.584 11 
0.0665 6726874.53 5171670.632 11 
0.0675 7.673915231e-06 7.768613055e-06 6 
0.0685 4147616.69 3157172.974 5 
0.0695 3098842.343 2960853.947 14 
0.0705 2345795.425 2533748.646 6 
0.0715 2067998.658 1847593.155 16 
0.0725 16224496.82 16478165.07 7 
0.0735 6495947.318 6688697.505 9 
0.0745 102.1419261 117.9433368 3 
0.0755 6744850.369 7285270.538 6 
0.0765 13895775.19 14698580.48 8 
0.0775 1388304.286 1021629.125 10 
0.0785 5295.337543 6114.529109 3 
0.0795 27299.61523 27351.25965 6 
0.0805 16952216.6 18122681.85 7 
0.0815 25867481.6 27557401.76 7 
0.0825 1.21837052e-08 1.492193045e-08 2 
0.0835 9618869.612 7286016.597 11 
0.0845 112.02737 124.641363 4 
0.0855 13086.32539 14630.75274 4 
0.0865 3762442.863 3870715.516 10 
0.0875 2067408.707 2231143.825 6 
0.0885 7906266.117 7964517.487 12 
0.0895 9749697.952 10225567.13 10 
0.0905 21455522.14 16286758.98 8 
0.0915 3899412.348 3066306.162 8 
0.0925 78771968.26 56916663.61 8 
0.0935 1256916.996 1116406.779 12 
0.0945 45.54533962 45.77103852 9 
0.0955 15768542.09 16842611.9 7 
0.0965 6428.146733 6816.484048 8 
0.0975 127.4121672 136.4827313 6 
0.0985 5988846.892 4786143.752 4 
0.0995 29910662 19444624.16 9 
0.1005 95.00838707 79.15442285 4 
0.1015 23346.47076 25574.52467 5 
0.1025 37592010.62 39214955.74 7 
0.1035 53.8861508 60.17123526 4 
0.1045 13968.19848 15085.65086 6 
0.1055 2898.032969 3098.074927 7 
0.1065 3.346030486 2.705611581 7 
0.1075 7695.009702 7586.837825 6 
0.1085 29031929.14 31358062.49 6 
0.1095 2152793.003 2358266.576 5 
0.1105 16899849.53 17911435.16 7 
0.1115 282.698423 214.6889795 6 
0.1125 3085962.907 2898515.542 9 
0.1135 15406894.91 17104190.09 4 
0.1145 10233.39544 11210.12298 5 
0.1155 8024703.974 8509828.931 8 
0.1165 2504099.877 2005520.254 9 
0.1175 1315935.713 1261655.204 6 
0.1185 5589883.713 5779124.903 11 
0.1195 2148266.006 2278396.371 8 
0.1205 15926938.7 15782328.1 3 
0.1215 9044.090842 9361.714329 11 
0.1225 77632974.89 80029619.82 9 
0.1235 75721.23407 81787.84803 6 
0.1245 15190.40458 15014.19754 10 
0.1255 11823.81455 13219.41643 4 
0.1265 0.9022128647 1.006145114 4 
0.1275 1873982.684 1976108.478 8 
0.1285 42.83491308 45.14907075 9 
0.1295 38008609.34 34969877.96 9 
0.1305 883569.7377 750129.5059 8 
0.1315 0.03212460798 0.02876200198 4 
0.1325 6.209875494e-06 7.170505129e-06 3 
0.1335 4.095090083 4.086276679 7 
0.1345 7.644080261e-13 9.362048096e-13 2 
0.1355 28173.26223 30117.92197 7 
0.1365 425674.7012 455065.3894 7 
0.1375 2787723.441 2166808.942 8 
0.1385 3078060.658 3168489.979 10 
0.1395 41049390.5 30891825.85 6 
0.1405 0.6765067851 0.7563575794 4 
0.1415 0.3003871443 0.2767020382 4 
0.1425 6.622428997 5.011578874 9 
0.1435 2.464066498 2.754896413 4 
0.1445 90538.50232 88827.55389 4 
0.1455 43930.54712 48123.50257 5 
0.1465 25973705.8 20137680.7 10 
0.1475 1.864679236e-05 1.787472676e-05 3 
0.1485 27224008.93 28875397.7 8 
0.1495 0.006837492669 0.006310007951 7 
