# Format: McCode with text headers
# URL: http://www.mccode.org
# Creator:  3.99.99, git
# Instrument: ODIN_MCPL_baseline.instr
# Ncount: 885236
# Trace: no
# Gravitation: no
# Seed: 1000
# Directory: Filterscan/1
# Nodes: 12
# Param: l_min=1
# Param: l_max=11
# Param: n_pulses=1
# Param: wfm_delta=0.3
# Param: bp_frequency=7
# Param: WFM1_phase_offset=0
# Param: jitter_wfmc_1=0
# Param: WFM2_phase_offset=0
# Param: jitter_wfmc_2=0
# Param: fo1_phase_offset=0
# Param: jitter_fo_chopper_1=0
# Param: bp1_phase_offset=0
# Param: jitter_bp1=0
# Param: fo2_phase_offset=0
# Param: jitter_fo_chopper_2=0
# Param: bp2_phase_offset=0
# Param: jitter_bp2=0
# Param: t0_phase_offset=0
# Param: jit_t0_sec=0
# Param: fo3_phase_offset=0
# Param: jitter_fo_chopper_3=0
# Param: fo4_phase_offset=0
# Param: jitter_fo_chopper_4=0
# Param: fo5_phase_offset=0
# Param: jitter_fo_chopper_5=0
# Param: choppers=2
# Param: repeat=1
# Param: v_smear=0.1
# Param: pos_smear=0.01
# Param: dir_smear=0.01
# Param: filter=1
# Date: Sun Mar  1 17:29:24 2026 (1772382564)
# type: array_2d(90, 90)
# Source: ODIN_MCPL_baseline (ODIN_MCPL_baseline.instr)
# component: PSD_Backtrace
# position: 0.123791 0 -0.138729
# title: PSD monitor
# Ncount: 10622832
# filename: PSD_Backtrace.dat
# statistics: X0=-0.85466; dX=5.98354; Y0=-0.00730711; dY=1.14411;
# signal: Min=0; Max=1.63527e+11; Mean=1.33741e+09;
# values: 1.0833e+13 3.27214e+11 1.06228e+07
# xvar: X 
# yvar: Y 
# xlabel: X position [cm]
# ylabel: Y position [cm]
# zvar: I
# zlabel: Signal per bin
# xylimits: -15 15 -15 15
# variables: I I_err N
# Data [PSD_Backtrace/PSD_Backtrace.dat] I:
0 0 0 0 0 0 0 0 0 0 0 0 0 0 0 0 0 0 0 0 0 0 0 0 0 0 0 0 0 0 0 0 0 0 0 0 0 0 0 0 0 0 0 0 0 0 0 0 0 0 0 0 0 0 0 0 0 0 0 0 0 0 0 0 0 0 0 0 0 0 0 0 0 0 0 0 0 0 0 0 0 0 0 0 0 0 0 0 0 0 
0 0 0 0 0 0 0 0 0 0 0 0 0 0 0 0 0 0 0 0 0 0 0 0 0 0 0 0 0 0 0 0 0 0 0 0 0 0 0 0 0 0 0 0 0 0 0 0 0 0 0 0 0 0 0 0 0 0 0 0 0 0 0 0 0 0 0 0 0 0 0 0 0 0 0 0 0 0 0 0 0 0 0 0 0 0 0 0 0 0 
0 0 0 0 0 0 0 0 0 0 0 0 0 0 0 0 0 0 0 0 0 0 0 0 0 0 0 0 0 0 0 0 0 0 0 0 0 0 0 0 0 0 0 0 0 0 0 0 0 0 0 0 0 0 0 0 0 0 0 0 0 0 0 0 0 0 0 0 0 0 0 0 0 0 0 0 0 0 0 0 0 0 0 0 0 0 0 0 0 0 
0 0 0 0 0 0 0 0 0 0 0 0 0 0 0 0 0 0 0 0 0 0 0 0 0 0 0 0 0 0 0 0 0 0 0 0 0 0 0 0 0 0 0 0 0 0 0 0 0 0 0 0 0 0 0 0 0 0 0 0 0 0 0 0 0 0 0 0 0 0 0 0 0 0 0 0 0 0 0 0 0 0 0 0 0 0 0 0 0 0 
0 0 0 0 0 0 0 0 0 0 0 0 0 0 0 0 0 0 0 0 0 0 0 0 0 0 0 0 0 0 0 0 0 0 0 0 0 0 0 0 0 0 0 0 0 0 0 0 0 0 0 0 0 0 0 0 0 0 0 0 0 0 0 0 0 0 0 0 0 0 0 0 0 0 0 0 0 0 0 0 0 0 0 0 0 0 0 0 0 0 
0 0 0 0 0 0 0 0 0 0 0 0 0 0 0 0 0 0 0 0 0 0 0 0 0 0 0 0 0 0 0 0 0 0 0 0 0 0 0 0 0 0 0 0 0 0 0 0 0 0 0 0 0 0 0 0 0 0 0 0 0 0 0 0 0 0 0 0 0 0 0 0 0 0 0 0 0 0 0 0 0 0 0 0 0 0 0 0 0 0 
0 0 0 0 0 0 0 0 0 0 0 0 0 0 0 0 0 0 0 0 0 0 0 0 0 0 0 0 0 0 0 0 0 0 0 0 0 0 0 0 0 0 0 0 0 0 0 0 0 0 0 0 0 0 0 0 0 0 0 0 0 0 0 0 0 0 0 0 0 0 0 0 0 0 0 0 0 0 0 0 0 0 0 0 0 0 0 0 0 0 
0 0 0 0 0 0 0 0 0 0 0 0 0 0 0 0 0 0 0 0 0 0 0 0 0 0 0 0 0 0 0 0 0 0 0 0 0 0 0 0 0 0 0 0 0 0 0 0 0 0 0 0 0 0 0 0 0 0 0 0 0 0 0 0 0 0 0 0 0 0 0 0 0 0 0 0 0 0 0 0 0 0 0 0 0 0 0 0 0 0 
0 0 0 0 0 0 0 0 0 0 0 0 0 0 0 0 0 0 0 0 0 0 0 0 0 0 0 0 0 0 0 0 0 0 0 0 0 0 0 0 0 0 0 0 0 0 0 0 0 0 0 0 0 0 0 0 0 0 0 0 0 0 0 0 0 0 0 0 0 0 0 0 0 0 0 0 0 0 0 0 0 0 0 0 0 0 0 0 0 0 
0 0 0 0 0 0 0 0 0 0 0 0 0 0 0 0 0 0 0 0 0 0 0 0 0 0 0 0 0 0 0 0 0 0 0 0 0 0 0 0 0 0 0 0 0 0 0 0 0 0 0 0 0 0 0 0 0 0 0 0 0 0 0 0 0 0 0 0 0 0 0 0 0 0 0 0 0 0 0 0 0 0 0 0 0 0 0 0 0 0 
0 0 0 0 0 0 0 0 0 0 0 0 0 0 0 0 0 0 0 0 0 0 0 0 0 0 0 0 0 0 0 0 0 0 0 0 0 0 0 0 0 0 0 0 0 0 0 0 0 0 0 0 0 0 0 0 0 0 0 0 0 0 0 0 0 0 0 0 0 0 0 0 0 0 0 0 0 0 0 0 0 0 0 0 0 0 0 0 0 0 
0 0 0 0 0 0 0 0 0 0 0 0 0 0 0 0 0 0 0 0 0 0 0 0 0 0 0 0 0 0 0 0 0 0 0 0 0 0 0 0 0 0 0 0 0 0 0 0 0 0 0 0 0 0 0 0 0 0 0 0 0 0 0 0 0 0 0 0 0 0 0 0 0 0 0 0 0 0 0 0 0 0 0 0 0 0 0 0 0 0 
0 0 0 0 0 0 0 0 0 0 0 0 0 0 0 0 0 0 0 0 0 0 0 0 0 0 0 0 0 0 0 0 0 0 0 0 0 0 0 0 0 0 0 0 0 0 0 0 0 0 0 0 0 0 0 0 0 0 0 0 0 0 0 0 0 0 0 0 0 0 0 0 0 0 0 0 0 0 0 0 0 0 0 0 0 0 0 0 0 0 
0 0 0 0 0 0 0 0 0 0 0 0 0 0 0 0 0 0 0 0 0 0 0 0 0 0 0 0 0 0 0 0 0 0 0 0 0 0 0 0 0 0 0 0 0 0 0 0 0 0 0 0 0 0 0 0 0 0 0 0 0 0 0 0 0 0 0 0 0 0 0 0 0 0 0 0 0 0 0 0 0 0 0 0 0 0 0 0 0 0 
0 0 0 0 0 0 0 0 0 0 0 0 0 0 0 0 0 0 0 0 0 0 0 0 0 0 0 0 0 0 0 0 0 0 0 0 0 0 0 0 0 0 0 0 0 0 0 0 0 0 0 0 0 0 0 0 0 0 0 0 0 0 0 0 0 0 0 0 0 0 0 0 0 0 0 0 0 0 0 0 0 0 0 0 0 0 0 0 0 0 
0 0 0 0 0 0 0 0 0 0 0 0 0 0 0 0 0 0 0 0 0 0 0 0 0 0 0 0 0 0 0 0 0 0 0 0 0 0 0 0 0 0 0 0 0 0 0 0 0 0 0 0 0 0 0 0 0 0 0 0 0 0 0 0 0 0 0 0 0 0 0 0 0 0 0 0 0 0 0 0 0 0 0 0 0 0 0 0 0 0 
0 0 0 0 0 0 0 0 0 0 0 0 0 0 0 0 0 0 0 0 0 0 0 0 0 0 0 0 0 0 0 0 0 0 0 0 0 0 0 0 0 0 0 0 0 0 0 0 0 0 0 0 0 0 0 0 0 0 0 0 0 0 0 0 0 0 0 0 0 0 0 0 0 0 0 0 0 0 0 0 0 0 0 0 0 0 0 0 0 0 
0 0 0 0 0 0 0 0 0 0 0 0 0 0 0 0 0 0 0 0 0 0 0 0 0 0 0 0 0 0 0 0 0 0 0 0 0 0 0 0 0 0 0 0 0 0 0 0 0 0 0 0 0 0 0 0 0 0 0 0 0 0 0 0 0 0 0 0 0 0 0 0 0 0 0 0 0 0 0 0 0 0 0 0 0 0 0 0 0 0 
0 0 0 0 0 0 0 0 0 0 0 0 0 0 0 0 0 0 0 0 0 0 0 0 0 0 0 0 0 0 0 0 0 0 0 0 0 0 0 0 0 0 0 0 0 0 0 0 0 0 0 0 0 0 0 0 0 0 0 0 0 0 0 0 0 0 0 0 0 0 0 0 0 0 0 0 0 0 0 0 0 0 0 0 0 0 0 0 0 0 
0 0 0 0 0 0 0 0 0 0 0 0 0 0 0 0 0 0 0 0 0 0 0 0 0 0 0 0 0 0 0 0 0 0 0 0 0 0 0 0 0 0 0 0 0 0 0 0 0 0 0 0 0 0 0 0 0 0 0 0 0 0 0 0 0 0 0 0 0 0 0 0 0 0 0 0 0 0 0 0 0 0 0 0 0 0 0 0 0 0 
0 0 0 0 0 0 0 0 0 0 0 0 0 0 0 0 0 0 0 0 0 0 0 0 0 0 0 0 0 0 0 0 0 0 0 0 0 0 0 0 0 0 0 0 0 0 0 0 0 0 0 0 0 0 0 0 0 0 0 0 0 0 0 0 0 0 0 0 0 0 0 0 0 0 0 0 0 0 0 0 0 0 0 0 0 0 0 0 0 0 
0 0 0 0 0 0 0 0 0 0 0 0 0 0 0 0 0 0 0 0 0 0 0 0 0 0 0 0 0 0 0 0 0 0 0 0 0 0 0 0 0 0 0 0 0 0 0 0 0 0 0 0 0 0 0 0 0 0 0 0 0 0 0 0 0 0 0 0 0 0 0 0 0 0 0 0 0 0 0 0 0 0 0 0 0 0 0 0 0 0 
0 0 0 0 0 0 0 0 0 0 0 0 0 0 0 0 0 0 0 0 0 0 0 0 0 0 0 0 0 0 0 0 0 0 0 0 0 0 0 0 0 0 0 0 0 0 0 0 0 0 0 0 0 0 0 0 0 0 0 0 0 0 0 0 0 0 0 0 0 0 0 0 0 0 0 0 0 0 0 0 0 0 0 0 0 0 0 0 0 0 
0 0 0 0 0 0 0 0 0 0 0 0 0 0 0 0 0 0 0 0 0 0 0 0 0 0 0 0 0 0 0 0 0 0 0 0 0 0 0 0 0 0 0 0 0 0 0 0 0 0 0 0 0 0 0 0 0 0 0 0 0 0 0 0 0 0 0 0 0 0 0 0 0 0 0 0 0 0 0 0 0 0 0 0 0 0 0 0 0 0 
0 0 0 0 0 0 0 0 0 0 0 0 0 0 0 0 0 0 0 0 0 0 0 0 0 0 0 0 0 0 0 0 0 0 0 0 0 0 0 0 0 0 0 0 0 0 0 0 0 0 0 0 0 0 0 0 0 0 0 0 0 0 0 0 0 0 0 0 0 0 0 0 0 0 0 0 0 0 0 0 0 0 0 0 0 0 0 0 0 0 
0 0 0 0 0 0 0 0 0 0 0 0 0 0 0 0 0 0 0 0 0 0 0 0 0 0 0 0 0 0 0 0 0 0 0 0 0 0 0 0 0 0 0 0 0 0 0 0 0 0 0 0 0 0 0 0 0 0 0 0 0 0 0 0 0 0 0 0 0 0 0 0 0 0 0 0 0 0 0 0 0 0 0 0 0 0 0 0 0 0 
0 0 0 0 0 0 0 0 0 0 0 0 0 0 0 0 0 0 0 0 0 0 0 0 0 0 0 0 0 0 0 0 0 0 0 0 0 0 0 0 0 0 0 0 0 0 0 0 0 0 0 0 0 0 0 0 0 0 0 0 0 0 0 0 0 0 0 0 0 0 0 0 0 0 0 0 0 0 0 0 0 0 0 0 0 0 0 0 0 0 
0 0 0 0 0 0 0 0 0 0 0 0 0 0 0 0 0 0 0 0 0 0 0 0 0 0 0 0 0 0 0 0 0 0 0 0 0 0 0 0 0 0 0 0 0 0 0 0 0 0 0 0 0 0 0 0 0 0 0 0 0 0 0 0 0 0 0 0 0 0 0 0 0 0 0 0 0 0 0 0 0 0 0 0 0 0 0 0 0 0 
0 0 0 0 0 0 0 0 0 0 0 0 0 0 0 0 0 0 0 0 0 0 0 0 0 0 0 0 0 0 0 0 0 0 0 0 0 0 0 0 0 0 0 0 0 0 0 0 0 0 0 0 0 0 0 0 0 0 0 0 0 0 0 0 0 0 0 0 0 0 0 0 0 0 0 0 0 0 0 0 0 0 0 0 0 0 0 0 0 0 
0 0 0 0 0 0 0 0 0 0 0 0 0 0 0 0 0 0 0 0 0 0 0 0 0 0 0 0 0 0 0 0 0 0 0 0 0 0 0 0 0 0 0 0 0 0 0 0 0 0 0 0 0 0 0 0 0 0 0 0 0 0 0 0 0 0 0 0 0 0 0 0 0 0 0 0 0 0 0 0 0 0 0 0 0 0 0 0 0 0 
0 0 0 0 0 0 0 0 0 0 0 0 0 0 0 0 0 0 0 0 0 0 0 0 0 0 0 0 0 0 0 0 0 0 0 0 0 0 0 0 0 0 0 0 0 0 0 0 0 0 0 0 0 0 0 0 0 0 0 0 0 0 0 0 0 0 0 0 0 0 0 0 0 0 0 0 0 0 0 0 0 0 0 0 0 0 0 0 0 0 
0 0 0 0 0 0 0 0 0 0 0 0 0 0 0 0 0 0 0 0 0 0 0 0 0 0 0 0 0 0 0 0 0 0 0 0 0 0 0 0 0 0 0 0 0 0 0 0 0 0 0 0 0 0 0 0 0 0 0 0 0 0 0 0 0 0 0 0 0 0 0 0 0 0 0 0 0 0 0 0 0 0 0 0 0 0 0 0 0 0 
0 0 0 0 0 0 0 0 0 0 0 0 0 0 0 0 0 0 0 0 0 0 0 0 0 0 0 0 0 0 0 0 0 0 0 0 0 0 0 0 0 0 0 0 0 0 0 0 0 0 0 0 0 0 0 0 0 0 0 0 0 0 0 0 0 0 0 0 0 0 0 0 0 0 0 0 0 0 0 0 0 0 0 0 0 0 0 0 0 0 
0 0 0 0 0 0 0 0 0 0 0 0 0 0 0 0 0 0 0 0 0 0 0 0 0 0 0 0 0 0 0 0 0 0 0 0 0 0 0 0 0 0 0 0 0 0 0 0 0 0 0 0 0 0 0 0 0 0 0 0 0 0 0 0 0 0 0 0 0 0 0 0 0 0 0 0 0 0 0 0 0 0 0 0 0 0 0 0 0 0 
0 0 0 0 0 0 0 0 0 0 0 0 0 0 0 0 0 0 0 0 0 0 0 0 0 0 0 0 0 0 0 0 0 0 0 0 0 0 0 0 0 0 0 0 0 0 0 0 0 0 0 0 0 0 0 0 0 0 0 0 0 0 0 0 0 0 0 0 0 0 0 0 0 0 0 0 0 0 0 0 0 0 0 0 0 0 0 0 0 0 
0 0 0 0 0 0 0 0 0 0 0 0 0 0 0 0 0 0 0 0 0 0 0 0 0 0 0 0 0 0 0 0 0 0 0 0 0 0 0 0 0 0 0 0 0 0 0 0 0 0 0 0 0 0 0 0 0 0 0 0 0 0 0 0 0 0 0 0 0 0 0 0 0 0 0 0 0 0 0 0 0 0 0 0 0 0 0 0 0 0 
0 0 0 0 0 0 0 0 8.633618896e-17 238208730.8 475696409.7 640326933.5 637472859.6 550099766.4 681712524 500505618.6 449515536.8 1099139594 559630613.1 743718125.8 426298663.1 403722388.4 521851964.3 378213342.4 558625950.7 690106852.7 607663163.8 793711939.6 627187471 575342833.3 737291758.6 664436341.5 1010060521 447916255 319394340.7 496235158.3 639661929.6 679793719.7 582953744 926830350.1 379439901.9 766295534 670901596 940954255.8 462437576.9 420652223.6 384391459.5 807140222.4 514829342.1 535520188.9 529399929.7 429137758 488969853.2 723138701.4 362395754.1 442000227.5 312056135.5 271427398.5 601631197.7 505647704 517702208 313527658.4 635613922.4 838880111.1 569663472.5 471630678.4 502533280.5 587086352.9 341361110.2 495143634.3 1159977828 439045371 187756644.8 475623166.5 367023341.5 260899935.5 625065184.3 281052279.2 482855609.5 441799120.5 435079479.6 0 0 0 0 0 0 0 0 0 
0 0 0 0 0 0 0 0 0 1068221232 1846832109 1780856497 1174007651 1290628193 2112174999 1845930475 1696505566 986120953.3 1567415687 1541604557 1799640349 1421556115 2477035618 1866436064 1108215622 1598423960 1939644842 1702529855 1474166682 1646157854 1312271294 1747784015 1966953897 1069036009 1480692825 1418830847 1534993722 1107394626 2090843197 1367634096 1260211378 1930193663 1580184994 1567444895 934754877.2 2352807754 1251180656 1237971529 1859407708 1944159329 1467223054 1178226316 1150794442 1812657455 1735772910 1116019637 1143558185 1527433507 1508721067 1156207064 1304241534 1201580889 972110741.1 1140230405 1966593020 1060276338 998122541 1580624522 797843537.9 1125999439 922588259.5 1321784794 1056547587 1139001835 833363016.3 789322842.7 1516684213 864934868.5 710215816.1 681973732 963764386 0 0 0 0 0 0 0 0 0 
0 0 0 0 0 0 0 0 0 2608366353 2473384681 3263089030 3029078314 3095918752 3262783138 2944230697 3326023264 3529792090 3225039430 2912299182 4513915708 3124433056 2546680077 3061383231 3242364153 3138668730 3364774544 2712302292 3282280200 3484706518 2429968915 3077049786 4120898971 3502122948 3717235708 2706304735 3200604838 2879871998 3146730425 3643616815 4059737615 6.190980046e+10 3485849691 2979619306 3318207031 3260677609 3003001076 2595898901 2753620634 2118410896 3611597289 2912305653 2899518969 2371743507 2826643198 2630541158 2365652999 2433157002 2661894015 2527138354 2430676621 2781302496 3245175464 2494027199 3190627752 2150594334 2390461250 2889889467 2783215639 2723798147 1898333997 2729729088 2695078485 1828848912 2743473042 2234580867 2102569475 1977041885 2087751293 2091514365 2454650059 0 0 0 0 0 0 0 0 0 
0 0 0 0 0 0 0 0 0 2307838934 3336929638 4676929138 4649612830 5401137421 5313099576 5805699893 5551625388 4798017545 6763603900 5189040755 6863320813 5131736068 6483719523 6856537116 6472734881 6524860211 6350650974 5820319878 6391867968 6066644621 6427293041 7605188210 6030727403 6098870812 6342956434 5339841655 6113775463 6101733486 6275861525 5730550411 8118072226 5859103018 7383965937 7514575756 6514545356 6199809599 5287022170 6280488944 4194534094 6268131410 4374271850 4563364903 5521120183 5374971330 5104687436 6192774213 4617033099 4508589376 6106260783 5039227916 4751680913 5158485965 5256119016 5124473829 4351863327 4445559986 4983976412 4862366493 5083046986 5111103045 4332461251 4075191835 3356727433 4709049209 5361045724 4998955048 4473021535 3785463802 3610494984 4081956332 4004920380 0 0 0 0 0 0 0 0 0 
0 0 0 0 0 0 0 0 0 3067197941 3819117832 5681979943 4605043957 6222802196 5818555834 6220860397 5132275543 4596162933 6675721826 7723590973 6981240852 1.099416255e+10 1.285793815e+10 1.629611256e+10 1.514217917e+10 1.466539869e+10 1.476508498e+10 1.5460139e+10 1.406714722e+10 1.403948244e+10 1.715958078e+10 1.365900203e+10 1.42754028e+10 1.684710473e+10 1.574828352e+10 1.390487322e+10 1.658813131e+10 1.657079609e+10 1.405628543e+10 1.454167797e+10 1.29276884e+10 1.306170039e+10 1.147052377e+10 1.175384714e+10 1.106028555e+10 8601021678 9669768165 9130641418 7698265053 8145476453 9382562421 8655199578 1.01967725e+10 8292870740 1.052148452e+10 7822797146 8921561023 8038668617 8822063820 9328967562 8732088283 7150641639 8323044596 8583724352 1.002855227e+10 8499272564 8969830124 8930463103 8305280102 8591107037 8580293806 8711130962 7142196252 6439369561 5718402990 5920417822 6362893062 5757631878 4721856002 5324442203 5524769537 0 0 0 0 0 0 0 0 0 
0 0 0 0 0 0 0 0 0 3082211024 4027878821 5835571968 5198309514 5197717178 5628791867 5670976474 6217117951 5833876665 7091625851 8181647690 8766908353 1.022105102e+10 1.88222713e+10 2.178337046e+10 1.98767863e+10 2.120230472e+10 2.152808133e+10 2.354720741e+10 2.211649537e+10 2.414009715e+10 2.48416408e+10 2.306863194e+10 2.316294765e+10 2.185707631e+10 2.170404898e+10 2.465711301e+10 2.363067919e+10 2.277024532e+10 2.358687922e+10 2.162732649e+10 1.842468071e+10 1.544107591e+10 1.241807248e+10 1.091972103e+10 1.112902335e+10 9347961169 9172551579 9272135178 7522976566 8171410261 9498524087 9308901047 8938782719 1.008885662e+10 8823995803 1.001099935e+10 1.032803832e+10 8701472663 8490489864 9597334837 8650458743 8997478189 1.125461547e+10 1.023695331e+10 1.220276064e+10 1.143406698e+10 1.004202521e+10 8973871527 9522698383 1.008103631e+10 1.013515457e+10 8846932400 7195057246 7169998573 7868927298 6300926500 6925967488 6398291679 5664062520 4577498198 4478012612 0 0 0 0 0 0 0 0 0 
0 0 0 0 0 0 0 0 0 3130666923 4483661998 4247298921 5076023476 6575654359 6398254000 7082621764 6491327502 6208553173 7264435630 7542445741 7665356991 1.149787437e+10 1.894953618e+10 1.951211088e+10 1.953528139e+10 1.891547687e+10 2.000202459e+10 2.210466519e+10 2.417524068e+10 2.464943014e+10 2.316142834e+10 2.219398143e+10 2.19875267e+10 1.635265093e+11 2.535964265e+10 2.538026385e+10 2.282101403e+10 2.225453884e+10 2.213852158e+10 2.188763383e+10 1.680473427e+10 1.535257808e+10 1.245681027e+10 1.079603022e+10 1.198025286e+10 8102907903 1.014254682e+10 9073719904 6883708376 8914511573 1.142768521e+10 1.006777894e+10 9452139957 1.066172674e+10 9267481595 8908046145 9891860395 9017645400 1.005992133e+10 9061452776 9112844228 9483838129 1.135463366e+10 1.183128412e+10 1.154457444e+10 1.249218893e+10 1.142587057e+10 1.043758923e+10 1.12628205e+10 9034495958 8857162080 8158948829 6924440836 6335810218 6145031028 7627971520 6119709915 6544626153 5232972253 4637804688 5633398273 304653 0 0 0 0 0 0 0 0 
0 0 0 0 0 0 0 0 0 2722067636 3887276891 4110512878 4182571136 5633167516 5664169185 5367980649 5688181809 6981891131 8416036244 6672592382 8179382698 1.109519631e+10 1.916204203e+10 1.839812467e+10 2.017437991e+10 2.040044182e+10 6.835807709e+10 2.203833933e+10 2.311322661e+10 2.200640824e+10 2.291171807e+10 1.414293848e+11 2.255692406e+10 2.287051873e+10 2.262596059e+10 2.246692657e+10 2.298458295e+10 2.389519181e+10 2.173438459e+10 1.899918379e+10 1.744280624e+10 1.519247867e+10 1.288281888e+10 1.039707663e+10 9166337800 8311862474 9555132289 8795216246 7843850227 9012035973 8490576944 1.051678767e+10 9624718160 1.062402464e+10 1.053821732e+10 8675002405 8647380420 9454378273 8611463395 7938963564 7495543765 1.018974196e+10 1.157207928e+10 1.393329562e+10 1.090952104e+10 1.194339643e+10 1.18821616e+10 1.024585796e+10 1.065702627e+10 1.00519948e+10 9596830865 8796800675 7895895883 7610430970 6468594682 6871302858 6544207043 5950566229 5531241255 4484216325 5772903157 0 0 0 0 0 0 0 0 0 
0 0 0 0 0 0 0 0 0 2065557800 3544981430 4783296802 5169454312 5110318011 5740839587 5923202379 5305587461 5892634513 7857712865 7436773898 7923881405 1.13663857e+10 1.87580001e+10 1.672579302e+10 1.874132179e+10 1.935808426e+10 9.087214501e+10 2.011814466e+10 1.324971933e+11 2.075448585e+10 2.370793634e+10 2.080949074e+10 2.317546062e+10 2.215430981e+10 2.199938784e+10 2.130087424e+10 2.352127847e+10 2.354390785e+10 2.152740139e+10 2.075092983e+10 1.702077159e+10 1.295798687e+10 1.324527955e+10 1.045786042e+10 1.055018213e+10 8599480661 9424480841 8770939380 9864486915 9090877958 8895955674 1.016574077e+10 1.06896062e+10 1.015083614e+10 1.015888787e+10 8898638533 9466153782 8107506216 9689229614 8495363812 8138676911 9513654241 1.086412549e+10 9726238144 1.168852837e+10 9997969120 1.119233066e+10 1.023714297e+10 9429541647 8021425298 9292859224 9523808778 7165360009 6518943020 6052478977 6900953489 6208534378 1.161331958e+11 6159962384 5104619313 4874346726 0 0 0 0 0 0 0 0 0 
0 0 0 0 0 0 0 0 0 2865987478 4256882329 4420545181 4652513563 4951767872 5467147430 6077246180 6590480875 5781878088 7243401718 7342489890 6970953223 1.153419666e+10 1.780981288e+10 1.773504719e+10 2.013886423e+10 1.846733778e+10 1.929866716e+10 2.084387527e+10 2.161888521e+10 2.328882172e+10 2.219910549e+10 2.306745975e+10 2.253269112e+10 2.333079981e+10 2.272973431e+10 2.182894946e+10 2.208772382e+10 2.23856182e+10 1.880540377e+10 2.044585289e+10 1.671795577e+10 1.511718504e+10 1.315084356e+10 1.201588942e+10 1.107079445e+10 8857890715 8775086631 8564987755 8759136960 9327876915 1.027779975e+10 1.005211526e+10 9412254115 9352869640 1.061043716e+10 9414126978 9814535163 9262234536 9365506378 8642481907 7660266093 8244208168 9868944183 1.190832572e+10 1.195700998e+10 1.150366242e+10 1.096979854e+10 1.126646464e+10 9880928279 9920246145 9302672424 9041659962 6564231037 6550159230 7045307105 6779671152 5174962446 6057364693 5534643989 4493710866 4613403663 0 0 0 0 0 0 0 0 0 
0 0 0 0 0 0 0 0 0 3725320511 3769109172 5609846692 6248701553 5452151653 5964649270 5710802401 6014975614 6153783135 5879929360 7465523243 8348600973 1.197663566e+10 1.833546167e+10 1.816128485e+10 2.085091222e+10 9.738621693e+10 2.284908671e+10 2.09475234e+10 2.270395006e+10 2.345438894e+10 2.17701689e+10 2.183353099e+10 2.169388068e+10 2.135728502e+10 2.253669613e+10 2.100374948e+10 2.311411414e+10 2.337018991e+10 2.245992829e+10 2.01494276e+10 1.761631604e+10 1.321603794e+10 1.176304625e+10 1.09470688e+10 9318445249 9873407193 8217888819 8019507788 8893612548 7869729027 8717336875 1.056291217e+10 1.028875209e+10 8750716047 1.094855634e+10 1.026743943e+10 9073487880 9377230013 8224649261 5.913724425e+10 8475310562 8247173584 1.281373401e+10 1.127000587e+10 5.341311057e+10 1.148751683e+10 1.02092069e+10 9379826793 1.032993944e+10 9872170594 8804220588 1.082807658e+10 7697461528 7330299477 7820481130 7432021245 5939590282 6019115935 5939645233 4884672582 5134952591 0 0 0 0 0 0 0 0 0 
0 0 0 0 0 0 0 0 0 2227246308 4012056354 4740493114 5790848494 4613012454 4949864533 6101935768 5217481019 5854539655 7124878050 6989545215 7055384731 1.118645241e+10 1.946621638e+10 2.017870579e+10 1.900785291e+10 2.251128668e+10 2.324237043e+10 2.184854507e+10 2.368382321e+10 2.20876952e+10 2.369400568e+10 2.355622598e+10 2.345832542e+10 2.320508533e+10 2.612523844e+10 2.322909652e+10 2.495481838e+10 2.330758021e+10 2.413642029e+10 2.21435491e+10 1.825551924e+10 1.55639341e+10 1.189301936e+10 1.163092949e+10 1.251307603e+10 8666731435 7647009258 8109598221 7948163626 7496345888 1.016631176e+10 9800790940 1.00672863e+10 9701699580 1.029792066e+10 9593495918 1.059723256e+10 9077454802 8948293501 8838362338 8732064509 9617317666 1.119779036e+10 1.210095045e+10 1.184908275e+10 1.18139123e+10 1.071378677e+10 1.129331545e+10 1.005066588e+10 1.15385951e+10 9914728893 8.620231751e+10 8389539342 7726268960 6999191360 5571477753 7655794942 6462275820 5293406722 5695771032 5923592064 0 0 0 0 0 0 0 0 0 
0 0 0 0 0 0 0 0 0 3056228692 3310591403 4693195583 4838762207 5328550601 6215151308 5174754895 6615110051 5591542798 6623494831 6984157203 8035360203 1.014574874e+10 2.069576572e+10 2.120145406e+10 2.047099545e+10 1.957691258e+10 2.33546293e+10 2.353406224e+10 2.385740214e+10 2.578522594e+10 2.421783975e+10 2.303274847e+10 2.244921024e+10 1.310501593e+11 2.28803814e+10 2.368407487e+10 2.432260642e+10 2.193659254e+10 2.306347641e+10 1.002958276e+11 1.942068233e+10 1.501402177e+10 1.292293705e+10 1.101282124e+10 1.321204289e+10 9223216536 8590982835 8623369467 9014699091 9194508635 8355448680 1.081855201e+10 1.007229014e+10 8969159171 1.115578115e+10 9209088649 7.926878371e+10 1.016256602e+10 9354024383 8460347830 9387929732 8849457964 9601349519 1.15185682e+10 1.158376695e+10 1.139193609e+10 1.005077713e+10 1.045433221e+10 1.117754212e+10 1.039641234e+10 9131130355 8749515243 7245933200 7600560378 6398713105 5283217046 6769545039 5968421863 6032787740 5884344979 5821991816 0 0 0 0 0 0 0 0 0 
0 0 0 0 0 0 0 0 0 2930104662 3875810300 4616227845 4121004835 5671118830 5263514038 4896410810 6643953704 5821311859 6674748605 7620234651 8898825830 1.196983814e+10 1.398333343e+10 1.327215143e+10 1.493018725e+10 1.623263576e+10 1.61855357e+10 1.462500499e+10 1.519788132e+10 1.589190825e+10 1.658608868e+10 1.598184235e+10 1.448567744e+10 1.733009253e+10 1.364929285e+10 1.65974086e+10 1.483745691e+10 1.571974713e+10 1.536784996e+10 1.647629919e+10 1.463329526e+10 1.282959744e+10 1.227591041e+10 1.085516249e+10 1.164436111e+10 1.054512e+10 1.007708062e+10 8703032968 7272291698 8757940661 9109921888 8594861690 8707596834 8766579067 8323556157 9681314298 8399070546 8586945206 9146318436 7233951165 7960315010 9656519281 9789670391 9618554210 9623488797 9066328189 8912050916 8073485058 1.012309969e+10 8128171662 8577533055 7659670324 7688425427 6740886121 6608145183 6060510323 6873111181 6118954631 4767194756 5544157656 5207555973 0 0 0 0 0 0 0 0 0 
0 0 0 0 0 0 0 0 4.094035527e-11 2711708323 4283045345 5047488840 4343966606 4414035246 4605661855 3962325973 3715007975 5422502475 4446392268 5333698808 4959007514 6035613016 6975073077 5801494006 6149357669 6030013801 5239183189 6186728726 5520690711 5063661022 5068664784 5946121571 5079607880 5689618462 4675832968 4609700119 5679770752 5625002142 5798584444 6200273131 5239728868 6001878819 6541861920 6517713680 5853536990 5021415094 4139119919 5070364189 6192470544 5198999141 4829454938 4408816028 4574468091 4578557073 4753626560 5899612811 4073831212 4395990225 4851693279 4761635726 4809364096 4151471710 4775027642 4172143634 4039798658 4282767401 3781947307 3760465711 4390639400 3526069819 4795907390 3923208414 4033816013 4806217308 3955687200 2766897510 3433261409 4196088910 3565432231 2757951290 3446187941 0 0 0 0 0 0 0 0 0 
0 0 0 0 0 0 0 0 0 1550422153 1679614788 2833948806 2353034230 2199093201 3538553995 2973430152 3677118790 2989024899 3354823729 2741244001 2519170955 2556828917 2376755399 2786166975 2807435277 2485020522 2518650791 2936186725 3151460002 2536939193 2193973628 2745388035 3111138023 2471234421 2682325572 1875535128 2735675146 5099036598 2461512768 2091493568 2258993560 2386478188 2720708699 2697875821 2971623825 2532834698 2882255239 1924292046 2663598704 2314448468 1987800092 3016858860 2593268015 3847354721 2312048571 2857684128 2767359538 1709830810 1916807026 1981063875 2238918947 2108133651 2380173823 1582507726 3255250212 2849353807 1777516904 3146907146 2206445088 2554374858 2181964926 2199092329 2084288597 2135716927 1769471046 1444523523 1869779246 1908581969 1675014724 1940352753 1806658499 0 0 0 0 0 0 0 0 0 
0 0 0 0 0 0 0 0 0 770224249.4 927146097.8 1997692545 1012182827 1168640571 1315551217 1342271381 1856016416 1214608971 1029688201 2163280983 1341090325 1323867700 1509311912 1073983240 1082635783 1836369772 1190853410 884690098.6 1455868872 1618017009 1950128872 1523425859 1135522411 1286006022 1165952784 925464181.5 1050086173 1684920607 1298050522 1555883744 1342993588 1197639155 1303448158 1285499480 1082553487 1100053097 1408537105 1092592318 1007294332 1382945874 1260468309 1345869401 1429458556 881354180.2 1089288590 768542446.3 1767917160 880565402.2 1394542971 874770440.9 1141355912 777230471 991072868.6 463090944.1 784864327.5 807026011.2 1176281082 976476549.3 1096980956 1103712561 1111533759 864121551.3 646954072.6 705304315.4 898738871.5 690316132.8 500061239.1 677670001.3 821529232.8 837397701.2 728825641.5 0 0 0 0 0 0 0 0 0 
0 0 0 0 0 0 0 0 0 472713774.5 805548899.7 984285792.6 430977746.7 393833552.9 780511626.3 533615303.1 1006913019 542859509.6 536134286.3 740772530.1 398875328.6 426074746.1 256177321.5 658203038.5 642116144.9 362604547.5 513855963 514949030.8 436229255.3 729119782.4 746256659.5 757063427.3 520449061.6 610220975.4 365055593.6 247977691.5 944841679.5 275732218.7 392224115.1 443541203.1 448757580 775632828.5 363316715.9 352592177.2 335815316.8 516120516 651267243.3 496085009.5 471729383.2 572532450.5 643678817.5 531476486.8 450907961.7 372515407.9 406690974.7 1385913878 530504180.9 515050295.1 480854517.3 369898370.5 589890934 575513819.9 564994741.6 157506945.5 317276366.2 315984015.4 692633571.7 500152963 279831447.5 580468255.9 484452234.4 176660622.4 211994563.2 507791362.2 543511333.9 500640041.4 866340072.3 303192125.8 562815409.9 278208157.7 528696466.3 0 0 0 0 0 0 0 0 0 
0 0 0 0 0 0 0 0 0 0 0 0 0 0 0 0 0 0 0 0 0 0 0 0 0 0 0 0 0 0 0 0 0 0 0 0 0 0 0 0 0 0 0 0 0 0 0 0 0 0 0 0 0 0 0 0 0 0 0 0 0 0 0 0 0 0 0 0 0 0 0 0 0 0 0 0 0 0 0 0 0 0 0 0 0 0 0 0 0 0 
0 0 0 0 0 0 0 0 0 0 0 0 0 0 0 0 0 0 0 0 0 0 0 0 0 0 0 0 0 0 0 0 0 0 0 0 0 0 0 0 0 0 0 0 0 0 0 0 0 0 0 0 0 0 0 0 0 0 0 0 0 0 0 0 0 0 0 0 0 0 0 0 0 0 0 0 0 0 0 0 0 0 0 0 0 0 0 0 0 0 
0 0 0 0 0 0 0 0 0 0 0 0 0 0 0 0 0 0 0 0 0 0 0 0 0 0 0 0 0 0 0 0 0 0 0 0 0 0 0 0 0 0 0 0 0 0 0 0 0 0 0 0 0 0 0 0 0 0 0 0 0 0 0 0 0 0 0 0 0 0 0 0 0 0 0 0 0 0 0 0 0 0 0 0 0 0 0 0 0 0 
0 0 0 0 0 0 0 0 0 0 0 0 0 0 0 0 0 0 0 0 0 0 0 0 0 0 0 0 0 0 0 0 0 0 0 0 0 0 0 0 0 0 0 0 0 0 0 0 0 0 0 0 0 0 0 0 0 0 0 0 0 0 0 0 0 0 0 0 0 0 0 0 0 0 0 0 0 0 0 0 0 0 0 0 0 0 0 0 0 0 
0 0 0 0 0 0 0 0 0 0 0 0 0 0 0 0 0 0 0 0 0 0 0 0 0 0 0 0 0 0 0 0 0 0 0 0 0 0 0 0 0 0 0 0 0 0 0 0 0 0 0 0 0 0 0 0 0 0 0 0 0 0 0 0 0 0 0 0 0 0 0 0 0 0 0 0 0 0 0 0 0 0 0 0 0 0 0 0 0 0 
0 0 0 0 0 0 0 0 0 0 0 0 0 0 0 0 0 0 0 0 0 0 0 0 0 0 0 0 0 0 0 0 0 0 0 0 0 0 0 0 0 0 0 0 0 0 0 0 0 0 0 0 0 0 0 0 0 0 0 0 0 0 0 0 0 0 0 0 0 0 0 0 0 0 0 0 0 0 0 0 0 0 0 0 0 0 0 0 0 0 
0 0 0 0 0 0 0 0 0 0 0 0 0 0 0 0 0 0 0 0 0 0 0 0 0 0 0 0 0 0 0 0 0 0 0 0 0 0 0 0 0 0 0 0 0 0 0 0 0 0 0 0 0 0 0 0 0 0 0 0 0 0 0 0 0 0 0 0 0 0 0 0 0 0 0 0 0 0 0 0 0 0 0 0 0 0 0 0 0 0 
0 0 0 0 0 0 0 0 0 0 0 0 0 0 0 0 0 0 0 0 0 0 0 0 0 0 0 0 0 0 0 0 0 0 0 0 0 0 0 0 0 0 0 0 0 0 0 0 0 0 0 0 0 0 0 0 0 0 0 0 0 0 0 0 0 0 0 0 0 0 0 0 0 0 0 0 0 0 0 0 0 0 0 0 0 0 0 0 0 0 
0 0 0 0 0 0 0 0 0 0 0 0 0 0 0 0 0 0 0 0 0 0 0 0 0 0 0 0 0 0 0 0 0 0 0 0 0 0 0 0 0 0 0 0 0 0 0 0 0 0 0 0 0 0 0 0 0 0 0 0 0 0 0 0 0 0 0 0 0 0 0 0 0 0 0 0 0 0 0 0 0 0 0 0 0 0 0 0 0 0 
0 0 0 0 0 0 0 0 0 0 0 0 0 0 0 0 0 0 0 0 0 0 0 0 0 0 0 0 0 0 0 0 0 0 0 0 0 0 0 0 0 0 0 0 0 0 0 0 0 0 0 0 0 0 0 0 0 0 0 0 0 0 0 0 0 0 0 0 0 0 0 0 0 0 0 0 0 0 0 0 0 0 0 0 0 0 0 0 0 0 
0 0 0 0 0 0 0 0 0 0 0 0 0 0 0 0 0 0 0 0 0 0 0 0 0 0 0 0 0 0 0 0 0 0 0 0 0 0 0 0 0 0 0 0 0 0 0 0 0 0 0 0 0 0 0 0 0 0 0 0 0 0 0 0 0 0 0 0 0 0 0 0 0 0 0 0 0 0 0 0 0 0 0 0 0 0 0 0 0 0 
0 0 0 0 0 0 0 0 0 0 0 0 0 0 0 0 0 0 0 0 0 0 0 0 0 0 0 0 0 0 0 0 0 0 0 0 0 0 0 0 0 0 0 0 0 0 0 0 0 0 0 0 0 0 0 0 0 0 0 0 0 0 0 0 0 0 0 0 0 0 0 0 0 0 0 0 0 0 0 0 0 0 0 0 0 0 0 0 0 0 
0 0 0 0 0 0 0 0 0 0 0 0 0 0 0 0 0 0 0 0 0 0 0 0 0 0 0 0 0 0 0 0 0 0 0 0 0 0 0 0 0 0 0 0 0 0 0 0 0 0 0 0 0 0 0 0 0 0 0 0 0 0 0 0 0 0 0 0 0 0 0 0 0 0 0 0 0 0 0 0 0 0 0 0 0 0 0 0 0 0 
0 0 0 0 0 0 0 0 0 0 0 0 0 0 0 0 0 0 0 0 0 0 0 0 0 0 0 0 0 0 0 0 0 0 0 0 0 0 0 0 0 0 0 0 0 0 0 0 0 0 0 0 0 0 0 0 0 0 0 0 0 0 0 0 0 0 0 0 0 0 0 0 0 0 0 0 0 0 0 0 0 0 0 0 0 0 0 0 0 0 
0 0 0 0 0 0 0 0 0 0 0 0 0 0 0 0 0 0 0 0 0 0 0 0 0 0 0 0 0 0 0 0 0 0 0 0 0 0 0 0 0 0 0 0 0 0 0 0 0 0 0 0 0 0 0 0 0 0 0 0 0 0 0 0 0 0 0 0 0 0 0 0 0 0 0 0 0 0 0 0 0 0 0 0 0 0 0 0 0 0 
0 0 0 0 0 0 0 0 0 0 0 0 0 0 0 0 0 0 0 0 0 0 0 0 0 0 0 0 0 0 0 0 0 0 0 0 0 0 0 0 0 0 0 0 0 0 0 0 0 0 0 0 0 0 0 0 0 0 0 0 0 0 0 0 0 0 0 0 0 0 0 0 0 0 0 0 0 0 0 0 0 0 0 0 0 0 0 0 0 0 
0 0 0 0 0 0 0 0 0 0 0 0 0 0 0 0 0 0 0 0 0 0 0 0 0 0 0 0 0 0 0 0 0 0 0 0 0 0 0 0 0 0 0 0 0 0 0 0 0 0 0 0 0 0 0 0 0 0 0 0 0 0 0 0 0 0 0 0 0 0 0 0 0 0 0 0 0 0 0 0 0 0 0 0 0 0 0 0 0 0 
0 0 0 0 0 0 0 0 0 0 0 0 0 0 0 0 0 0 0 0 0 0 0 0 0 0 0 0 0 0 0 0 0 0 0 0 0 0 0 0 0 0 0 0 0 0 0 0 0 0 0 0 0 0 0 0 0 0 0 0 0 0 0 0 0 0 0 0 0 0 0 0 0 0 0 0 0 0 0 0 0 0 0 0 0 0 0 0 0 0 
0 0 0 0 0 0 0 0 0 0 0 0 0 0 0 0 0 0 0 0 0 0 0 0 0 0 0 0 0 0 0 0 0 0 0 0 0 0 0 0 0 0 0 0 0 0 0 0 0 0 0 0 0 0 0 0 0 0 0 0 0 0 0 0 0 0 0 0 0 0 0 0 0 0 0 0 0 0 0 0 0 0 0 0 0 0 0 0 0 0 
0 0 0 0 0 0 0 0 0 0 0 0 0 0 0 0 0 0 0 0 0 0 0 0 0 0 0 0 0 0 0 0 0 0 0 0 0 0 0 0 0 0 0 0 0 0 0 0 0 0 0 0 0 0 0 0 0 0 0 0 0 0 0 0 0 0 0 0 0 0 0 0 0 0 0 0 0 0 0 0 0 0 0 0 0 0 0 0 0 0 
0 0 0 0 0 0 0 0 0 0 0 0 0 0 0 0 0 0 0 0 0 0 0 0 0 0 0 0 0 0 0 0 0 0 0 0 0 0 0 0 0 0 0 0 0 0 0 0 0 0 0 0 0 0 0 0 0 0 0 0 0 0 0 0 0 0 0 0 0 0 0 0 0 0 0 0 0 0 0 0 0 0 0 0 0 0 0 0 0 0 
0 0 0 0 0 0 0 0 0 0 0 0 0 0 0 0 0 0 0 0 0 0 0 0 0 0 0 0 0 0 0 0 0 0 0 0 0 0 0 0 0 0 0 0 0 0 0 0 0 0 0 0 0 0 0 0 0 0 0 0 0 0 0 0 0 0 0 0 0 0 0 0 0 0 0 0 0 0 0 0 0 0 0 0 0 0 0 0 0 0 
0 0 0 0 0 0 0 0 0 0 0 0 0 0 0 0 0 0 0 0 0 0 0 0 0 0 0 0 0 0 0 0 0 0 0 0 0 0 0 0 0 0 0 0 0 0 0 0 0 0 0 0 0 0 0 0 0 0 0 0 0 0 0 0 0 0 0 0 0 0 0 0 0 0 0 0 0 0 0 0 0 0 0 0 0 0 0 0 0 0 
0 0 0 0 0 0 0 0 0 0 0 0 0 0 0 0 0 0 0 0 0 0 0 0 0 0 0 0 0 0 0 0 0 0 0 0 0 0 0 0 0 0 0 0 0 0 0 0 0 0 0 0 0 0 0 0 0 0 0 0 0 0 0 0 0 0 0 0 0 0 0 0 0 0 0 0 0 0 0 0 0 0 0 0 0 0 0 0 0 0 
0 0 0 0 0 0 0 0 0 0 0 0 0 0 0 0 0 0 0 0 0 0 0 0 0 0 0 0 0 0 0 0 0 0 0 0 0 0 0 0 0 0 0 0 0 0 0 0 0 0 0 0 0 0 0 0 0 0 0 0 0 0 0 0 0 0 0 0 0 0 0 0 0 0 0 0 0 0 0 0 0 0 0 0 0 0 0 0 0 0 
0 0 0 0 0 0 0 0 0 0 0 0 0 0 0 0 0 0 0 0 0 0 0 0 0 0 0 0 0 0 0 0 0 0 0 0 0 0 0 0 0 0 0 0 0 0 0 0 0 0 0 0 0 0 0 0 0 0 0 0 0 0 0 0 0 0 0 0 0 0 0 0 0 0 0 0 0 0 0 0 0 0 0 0 0 0 0 0 0 0 
0 0 0 0 0 0 0 0 0 0 0 0 0 0 0 0 0 0 0 0 0 0 0 0 0 0 0 0 0 0 0 0 0 0 0 0 0 0 0 0 0 0 0 0 0 0 0 0 0 0 0 0 0 0 0 0 0 0 0 0 0 0 0 0 0 0 0 0 0 0 0 0 0 0 0 0 0 0 0 0 0 0 0 0 0 0 0 0 0 0 
0 0 0 0 0 0 0 0 0 0 0 0 0 0 0 0 0 0 0 0 0 0 0 0 0 0 0 0 0 0 0 0 0 0 0 0 0 0 0 0 0 0 0 0 0 0 0 0 0 0 0 0 0 0 0 0 0 0 0 0 0 0 0 0 0 0 0 0 0 0 0 0 0 0 0 0 0 0 0 0 0 0 0 0 0 0 0 0 0 0 
0 0 0 0 0 0 0 0 0 0 0 0 0 0 0 0 0 0 0 0 0 0 0 0 0 0 0 0 0 0 0 0 0 0 0 0 0 0 0 0 0 0 0 0 0 0 0 0 0 0 0 0 0 0 0 0 0 0 0 0 0 0 0 0 0 0 0 0 0 0 0 0 0 0 0 0 0 0 0 0 0 0 0 0 0 0 0 0 0 0 
0 0 0 0 0 0 0 0 0 0 0 0 0 0 0 0 0 0 0 0 0 0 0 0 0 0 0 0 0 0 0 0 0 0 0 0 0 0 0 0 0 0 0 0 0 0 0 0 0 0 0 0 0 0 0 0 0 0 0 0 0 0 0 0 0 0 0 0 0 0 0 0 0 0 0 0 0 0 0 0 0 0 0 0 0 0 0 0 0 0 
0 0 0 0 0 0 0 0 0 0 0 0 0 0 0 0 0 0 0 0 0 0 0 0 0 0 0 0 0 0 0 0 0 0 0 0 0 0 0 0 0 0 0 0 0 0 0 0 0 0 0 0 0 0 0 0 0 0 0 0 0 0 0 0 0 0 0 0 0 0 0 0 0 0 0 0 0 0 0 0 0 0 0 0 0 0 0 0 0 0 
0 0 0 0 0 0 0 0 0 0 0 0 0 0 0 0 0 0 0 0 0 0 0 0 0 0 0 0 0 0 0 0 0 0 0 0 0 0 0 0 0 0 0 0 0 0 0 0 0 0 0 0 0 0 0 0 0 0 0 0 0 0 0 0 0 0 0 0 0 0 0 0 0 0 0 0 0 0 0 0 0 0 0 0 0 0 0 0 0 0 
0 0 0 0 0 0 0 0 0 0 0 0 0 0 0 0 0 0 0 0 0 0 0 0 0 0 0 0 0 0 0 0 0 0 0 0 0 0 0 0 0 0 0 0 0 0 0 0 0 0 0 0 0 0 0 0 0 0 0 0 0 0 0 0 0 0 0 0 0 0 0 0 0 0 0 0 0 0 0 0 0 0 0 0 0 0 0 0 0 0 
0 0 0 0 0 0 0 0 0 0 0 0 0 0 0 0 0 0 0 0 0 0 0 0 0 0 0 0 0 0 0 0 0 0 0 0 0 0 0 0 0 0 0 0 0 0 0 0 0 0 0 0 0 0 0 0 0 0 0 0 0 0 0 0 0 0 0 0 0 0 0 0 0 0 0 0 0 0 0 0 0 0 0 0 0 0 0 0 0 0 
0 0 0 0 0 0 0 0 0 0 0 0 0 0 0 0 0 0 0 0 0 0 0 0 0 0 0 0 0 0 0 0 0 0 0 0 0 0 0 0 0 0 0 0 0 0 0 0 0 0 0 0 0 0 0 0 0 0 0 0 0 0 0 0 0 0 0 0 0 0 0 0 0 0 0 0 0 0 0 0 0 0 0 0 0 0 0 0 0 0 
0 0 0 0 0 0 0 0 0 0 0 0 0 0 0 0 0 0 0 0 0 0 0 0 0 0 0 0 0 0 0 0 0 0 0 0 0 0 0 0 0 0 0 0 0 0 0 0 0 0 0 0 0 0 0 0 0 0 0 0 0 0 0 0 0 0 0 0 0 0 0 0 0 0 0 0 0 0 0 0 0 0 0 0 0 0 0 0 0 0 
# Errors [PSD_Backtrace/PSD_Backtrace.dat] I_err:
0 0 0 0 0 0 0 0 0 0 0 0 0 0 0 0 0 0 0 0 0 0 0 0 0 0 0 0 0 0 0 0 0 0 0 0 0 0 0 0 0 0 0 0 0 0 0 0 0 0 0 0 0 0 0 0 0 0 0 0 0 0 0 0 0 0 0 0 0 0 0 0 0 0 0 0 0 0 0 0 0 0 0 0 0 0 0 0 0 0 
0 0 0 0 0 0 0 0 0 0 0 0 0 0 0 0 0 0 0 0 0 0 0 0 0 0 0 0 0 0 0 0 0 0 0 0 0 0 0 0 0 0 0 0 0 0 0 0 0 0 0 0 0 0 0 0 0 0 0 0 0 0 0 0 0 0 0 0 0 0 0 0 0 0 0 0 0 0 0 0 0 0 0 0 0 0 0 0 0 0 
0 0 0 0 0 0 0 0 0 0 0 0 0 0 0 0 0 0 0 0 0 0 0 0 0 0 0 0 0 0 0 0 0 0 0 0 0 0 0 0 0 0 0 0 0 0 0 0 0 0 0 0 0 0 0 0 0 0 0 0 0 0 0 0 0 0 0 0 0 0 0 0 0 0 0 0 0 0 0 0 0 0 0 0 0 0 0 0 0 0 
0 0 0 0 0 0 0 0 0 0 0 0 0 0 0 0 0 0 0 0 0 0 0 0 0 0 0 0 0 0 0 0 0 0 0 0 0 0 0 0 0 0 0 0 0 0 0 0 0 0 0 0 0 0 0 0 0 0 0 0 0 0 0 0 0 0 0 0 0 0 0 0 0 0 0 0 0 0 0 0 0 0 0 0 0 0 0 0 0 0 
0 0 0 0 0 0 0 0 0 0 0 0 0 0 0 0 0 0 0 0 0 0 0 0 0 0 0 0 0 0 0 0 0 0 0 0 0 0 0 0 0 0 0 0 0 0 0 0 0 0 0 0 0 0 0 0 0 0 0 0 0 0 0 0 0 0 0 0 0 0 0 0 0 0 0 0 0 0 0 0 0 0 0 0 0 0 0 0 0 0 
0 0 0 0 0 0 0 0 0 0 0 0 0 0 0 0 0 0 0 0 0 0 0 0 0 0 0 0 0 0 0 0 0 0 0 0 0 0 0 0 0 0 0 0 0 0 0 0 0 0 0 0 0 0 0 0 0 0 0 0 0 0 0 0 0 0 0 0 0 0 0 0 0 0 0 0 0 0 0 0 0 0 0 0 0 0 0 0 0 0 
0 0 0 0 0 0 0 0 0 0 0 0 0 0 0 0 0 0 0 0 0 0 0 0 0 0 0 0 0 0 0 0 0 0 0 0 0 0 0 0 0 0 0 0 0 0 0 0 0 0 0 0 0 0 0 0 0 0 0 0 0 0 0 0 0 0 0 0 0 0 0 0 0 0 0 0 0 0 0 0 0 0 0 0 0 0 0 0 0 0 
0 0 0 0 0 0 0 0 0 0 0 0 0 0 0 0 0 0 0 0 0 0 0 0 0 0 0 0 0 0 0 0 0 0 0 0 0 0 0 0 0 0 0 0 0 0 0 0 0 0 0 0 0 0 0 0 0 0 0 0 0 0 0 0 0 0 0 0 0 0 0 0 0 0 0 0 0 0 0 0 0 0 0 0 0 0 0 0 0 0 
0 0 0 0 0 0 0 0 0 0 0 0 0 0 0 0 0 0 0 0 0 0 0 0 0 0 0 0 0 0 0 0 0 0 0 0 0 0 0 0 0 0 0 0 0 0 0 0 0 0 0 0 0 0 0 0 0 0 0 0 0 0 0 0 0 0 0 0 0 0 0 0 0 0 0 0 0 0 0 0 0 0 0 0 0 0 0 0 0 0 
0 0 0 0 0 0 0 0 0 0 0 0 0 0 0 0 0 0 0 0 0 0 0 0 0 0 0 0 0 0 0 0 0 0 0 0 0 0 0 0 0 0 0 0 0 0 0 0 0 0 0 0 0 0 0 0 0 0 0 0 0 0 0 0 0 0 0 0 0 0 0 0 0 0 0 0 0 0 0 0 0 0 0 0 0 0 0 0 0 0 
0 0 0 0 0 0 0 0 0 0 0 0 0 0 0 0 0 0 0 0 0 0 0 0 0 0 0 0 0 0 0 0 0 0 0 0 0 0 0 0 0 0 0 0 0 0 0 0 0 0 0 0 0 0 0 0 0 0 0 0 0 0 0 0 0 0 0 0 0 0 0 0 0 0 0 0 0 0 0 0 0 0 0 0 0 0 0 0 0 0 
0 0 0 0 0 0 0 0 0 0 0 0 0 0 0 0 0 0 0 0 0 0 0 0 0 0 0 0 0 0 0 0 0 0 0 0 0 0 0 0 0 0 0 0 0 0 0 0 0 0 0 0 0 0 0 0 0 0 0 0 0 0 0 0 0 0 0 0 0 0 0 0 0 0 0 0 0 0 0 0 0 0 0 0 0 0 0 0 0 0 
0 0 0 0 0 0 0 0 0 0 0 0 0 0 0 0 0 0 0 0 0 0 0 0 0 0 0 0 0 0 0 0 0 0 0 0 0 0 0 0 0 0 0 0 0 0 0 0 0 0 0 0 0 0 0 0 0 0 0 0 0 0 0 0 0 0 0 0 0 0 0 0 0 0 0 0 0 0 0 0 0 0 0 0 0 0 0 0 0 0 
0 0 0 0 0 0 0 0 0 0 0 0 0 0 0 0 0 0 0 0 0 0 0 0 0 0 0 0 0 0 0 0 0 0 0 0 0 0 0 0 0 0 0 0 0 0 0 0 0 0 0 0 0 0 0 0 0 0 0 0 0 0 0 0 0 0 0 0 0 0 0 0 0 0 0 0 0 0 0 0 0 0 0 0 0 0 0 0 0 0 
0 0 0 0 0 0 0 0 0 0 0 0 0 0 0 0 0 0 0 0 0 0 0 0 0 0 0 0 0 0 0 0 0 0 0 0 0 0 0 0 0 0 0 0 0 0 0 0 0 0 0 0 0 0 0 0 0 0 0 0 0 0 0 0 0 0 0 0 0 0 0 0 0 0 0 0 0 0 0 0 0 0 0 0 0 0 0 0 0 0 
0 0 0 0 0 0 0 0 0 0 0 0 0 0 0 0 0 0 0 0 0 0 0 0 0 0 0 0 0 0 0 0 0 0 0 0 0 0 0 0 0 0 0 0 0 0 0 0 0 0 0 0 0 0 0 0 0 0 0 0 0 0 0 0 0 0 0 0 0 0 0 0 0 0 0 0 0 0 0 0 0 0 0 0 0 0 0 0 0 0 
0 0 0 0 0 0 0 0 0 0 0 0 0 0 0 0 0 0 0 0 0 0 0 0 0 0 0 0 0 0 0 0 0 0 0 0 0 0 0 0 0 0 0 0 0 0 0 0 0 0 0 0 0 0 0 0 0 0 0 0 0 0 0 0 0 0 0 0 0 0 0 0 0 0 0 0 0 0 0 0 0 0 0 0 0 0 0 0 0 0 
0 0 0 0 0 0 0 0 0 0 0 0 0 0 0 0 0 0 0 0 0 0 0 0 0 0 0 0 0 0 0 0 0 0 0 0 0 0 0 0 0 0 0 0 0 0 0 0 0 0 0 0 0 0 0 0 0 0 0 0 0 0 0 0 0 0 0 0 0 0 0 0 0 0 0 0 0 0 0 0 0 0 0 0 0 0 0 0 0 0 
0 0 0 0 0 0 0 0 0 0 0 0 0 0 0 0 0 0 0 0 0 0 0 0 0 0 0 0 0 0 0 0 0 0 0 0 0 0 0 0 0 0 0 0 0 0 0 0 0 0 0 0 0 0 0 0 0 0 0 0 0 0 0 0 0 0 0 0 0 0 0 0 0 0 0 0 0 0 0 0 0 0 0 0 0 0 0 0 0 0 
0 0 0 0 0 0 0 0 0 0 0 0 0 0 0 0 0 0 0 0 0 0 0 0 0 0 0 0 0 0 0 0 0 0 0 0 0 0 0 0 0 0 0 0 0 0 0 0 0 0 0 0 0 0 0 0 0 0 0 0 0 0 0 0 0 0 0 0 0 0 0 0 0 0 0 0 0 0 0 0 0 0 0 0 0 0 0 0 0 0 
0 0 0 0 0 0 0 0 0 0 0 0 0 0 0 0 0 0 0 0 0 0 0 0 0 0 0 0 0 0 0 0 0 0 0 0 0 0 0 0 0 0 0 0 0 0 0 0 0 0 0 0 0 0 0 0 0 0 0 0 0 0 0 0 0 0 0 0 0 0 0 0 0 0 0 0 0 0 0 0 0 0 0 0 0 0 0 0 0 0 
0 0 0 0 0 0 0 0 0 0 0 0 0 0 0 0 0 0 0 0 0 0 0 0 0 0 0 0 0 0 0 0 0 0 0 0 0 0 0 0 0 0 0 0 0 0 0 0 0 0 0 0 0 0 0 0 0 0 0 0 0 0 0 0 0 0 0 0 0 0 0 0 0 0 0 0 0 0 0 0 0 0 0 0 0 0 0 0 0 0 
0 0 0 0 0 0 0 0 0 0 0 0 0 0 0 0 0 0 0 0 0 0 0 0 0 0 0 0 0 0 0 0 0 0 0 0 0 0 0 0 0 0 0 0 0 0 0 0 0 0 0 0 0 0 0 0 0 0 0 0 0 0 0 0 0 0 0 0 0 0 0 0 0 0 0 0 0 0 0 0 0 0 0 0 0 0 0 0 0 0 
0 0 0 0 0 0 0 0 0 0 0 0 0 0 0 0 0 0 0 0 0 0 0 0 0 0 0 0 0 0 0 0 0 0 0 0 0 0 0 0 0 0 0 0 0 0 0 0 0 0 0 0 0 0 0 0 0 0 0 0 0 0 0 0 0 0 0 0 0 0 0 0 0 0 0 0 0 0 0 0 0 0 0 0 0 0 0 0 0 0 
0 0 0 0 0 0 0 0 0 0 0 0 0 0 0 0 0 0 0 0 0 0 0 0 0 0 0 0 0 0 0 0 0 0 0 0 0 0 0 0 0 0 0 0 0 0 0 0 0 0 0 0 0 0 0 0 0 0 0 0 0 0 0 0 0 0 0 0 0 0 0 0 0 0 0 0 0 0 0 0 0 0 0 0 0 0 0 0 0 0 
0 0 0 0 0 0 0 0 0 0 0 0 0 0 0 0 0 0 0 0 0 0 0 0 0 0 0 0 0 0 0 0 0 0 0 0 0 0 0 0 0 0 0 0 0 0 0 0 0 0 0 0 0 0 0 0 0 0 0 0 0 0 0 0 0 0 0 0 0 0 0 0 0 0 0 0 0 0 0 0 0 0 0 0 0 0 0 0 0 0 
0 0 0 0 0 0 0 0 0 0 0 0 0 0 0 0 0 0 0 0 0 0 0 0 0 0 0 0 0 0 0 0 0 0 0 0 0 0 0 0 0 0 0 0 0 0 0 0 0 0 0 0 0 0 0 0 0 0 0 0 0 0 0 0 0 0 0 0 0 0 0 0 0 0 0 0 0 0 0 0 0 0 0 0 0 0 0 0 0 0 
0 0 0 0 0 0 0 0 0 0 0 0 0 0 0 0 0 0 0 0 0 0 0 0 0 0 0 0 0 0 0 0 0 0 0 0 0 0 0 0 0 0 0 0 0 0 0 0 0 0 0 0 0 0 0 0 0 0 0 0 0 0 0 0 0 0 0 0 0 0 0 0 0 0 0 0 0 0 0 0 0 0 0 0 0 0 0 0 0 0 
0 0 0 0 0 0 0 0 0 0 0 0 0 0 0 0 0 0 0 0 0 0 0 0 0 0 0 0 0 0 0 0 0 0 0 0 0 0 0 0 0 0 0 0 0 0 0 0 0 0 0 0 0 0 0 0 0 0 0 0 0 0 0 0 0 0 0 0 0 0 0 0 0 0 0 0 0 0 0 0 0 0 0 0 0 0 0 0 0 0 
0 0 0 0 0 0 0 0 0 0 0 0 0 0 0 0 0 0 0 0 0 0 0 0 0 0 0 0 0 0 0 0 0 0 0 0 0 0 0 0 0 0 0 0 0 0 0 0 0 0 0 0 0 0 0 0 0 0 0 0 0 0 0 0 0 0 0 0 0 0 0 0 0 0 0 0 0 0 0 0 0 0 0 0 0 0 0 0 0 0 
0 0 0 0 0 0 0 0 0 0 0 0 0 0 0 0 0 0 0 0 0 0 0 0 0 0 0 0 0 0 0 0 0 0 0 0 0 0 0 0 0 0 0 0 0 0 0 0 0 0 0 0 0 0 0 0 0 0 0 0 0 0 0 0 0 0 0 0 0 0 0 0 0 0 0 0 0 0 0 0 0 0 0 0 0 0 0 0 0 0 
0 0 0 0 0 0 0 0 0 0 0 0 0 0 0 0 0 0 0 0 0 0 0 0 0 0 0 0 0 0 0 0 0 0 0 0 0 0 0 0 0 0 0 0 0 0 0 0 0 0 0 0 0 0 0 0 0 0 0 0 0 0 0 0 0 0 0 0 0 0 0 0 0 0 0 0 0 0 0 0 0 0 0 0 0 0 0 0 0 0 
0 0 0 0 0 0 0 0 0 0 0 0 0 0 0 0 0 0 0 0 0 0 0 0 0 0 0 0 0 0 0 0 0 0 0 0 0 0 0 0 0 0 0 0 0 0 0 0 0 0 0 0 0 0 0 0 0 0 0 0 0 0 0 0 0 0 0 0 0 0 0 0 0 0 0 0 0 0 0 0 0 0 0 0 0 0 0 0 0 0 
0 0 0 0 0 0 0 0 0 0 0 0 0 0 0 0 0 0 0 0 0 0 0 0 0 0 0 0 0 0 0 0 0 0 0 0 0 0 0 0 0 0 0 0 0 0 0 0 0 0 0 0 0 0 0 0 0 0 0 0 0 0 0 0 0 0 0 0 0 0 0 0 0 0 0 0 0 0 0 0 0 0 0 0 0 0 0 0 0 0 
0 0 0 0 0 0 0 0 0 0 0 0 0 0 0 0 0 0 0 0 0 0 0 0 0 0 0 0 0 0 0 0 0 0 0 0 0 0 0 0 0 0 0 0 0 0 0 0 0 0 0 0 0 0 0 0 0 0 0 0 0 0 0 0 0 0 0 0 0 0 0 0 0 0 0 0 0 0 0 0 0 0 0 0 0 0 0 0 0 0 
0 0 0 0 0 0 0 0 0 0 0 0 0 0 0 0 0 0 0 0 0 0 0 0 0 0 0 0 0 0 0 0 0 0 0 0 0 0 0 0 0 0 0 0 0 0 0 0 0 0 0 0 0 0 0 0 0 0 0 0 0 0 0 0 0 0 0 0 0 0 0 0 0 0 0 0 0 0 0 0 0 0 0 0 0 0 0 0 0 0 
0 0 0 0 0 0 0 0 8.633618896e-17 75250447.09 107585626.2 180309150.4 197496992.8 126509776.6 187547364.2 116470493.6 138630731 347585822.7 213793348 243440926.1 123998566.4 103949294.1 123300330.3 83903940.75 152043705.1 176472550.8 155707675.2 514304060.7 166267229.1 188366400.5 225569951.1 145609000.2 296965223 107026588.3 78168293.5 116460949.6 223702745.4 177112511.2 113130908.5 305747064 138969948 197540823.9 175400157 256259978.2 138635805 109960945.6 120360470.3 247474813.8 126557448.2 133976339.8 125091453 103174878.6 144570438.5 190387968.3 104597594.8 113346958.2 81815702.82 72115355.75 157304107 150633377.5 126940563.1 94536464.78 189857234.5 254106509 181393025.1 138152362.5 207801612.1 155156070.1 85608200.31 154542758.1 591119814.5 170176240.3 48441974.82 139969754 126797718.3 80318215.4 261502268.6 79118270.67 157597934.2 93567088.56 194049649.4 0 0 0 0 0 0 0 0 0 
0 0 0 0 0 0 0 0 0 260392899 495691731 272632621 298273958.4 196793023.4 464432786 359033637.6 313605133.1 186768029.1 257203059.5 223463611 332303332.7 230301746.3 601171125.1 281173137.4 211998542.7 287509759 606588846 595382597.7 322273108.2 262585566.9 226625635.3 276750304.8 325717139.6 183372143.7 246420088.9 217735284 264718069.1 148050344.3 411035484.6 213526019.8 180299557.8 314033228.8 329192785.4 274869305.5 146506339.7 464838796.4 221968263.7 263237181.4 525314432.2 539452825.7 316067768.1 203892227.3 175844039.4 385248140.8 488955059.1 206134235.4 184124330.5 289068146.7 401112503.9 205805268.8 243286316.2 261893457.7 223160246.3 229110766.2 655393763.3 259724873 350253083.7 545213290.2 153560474 227351006.6 237945322.9 280455114.6 241534118.3 200317169.3 142346715.7 155601541 471283803.6 257405098 148805338 128876191.8 246514981.1 0 0 0 0 0 0 0 0 0 
0 0 0 0 0 0 0 0 0 566116390.2 303601980.4 354761089.9 336565023.1 530021583.1 435848672.4 346843821 444719328 461369300.9 370379777.8 371214477.1 621786959.5 335834540.8 281872598.7 471826478.6 419388221.5 431273977.2 406145153.9 296495024.1 421296554.9 500834221.5 266021523.9 438857237.1 697530420.2 508641235.8 574661810.2 304509911 388299243.6 323570751 372676568.5 658098582.7 903300955.1 5.835786669e+10 465132514.1 354998838.7 467528384.1 426709508.9 430212127.8 300341480.5 361090124.2 220013913.9 586742091.9 399812052.7 407417033.3 276653649.6 343058670.8 405910941.2 313757387 359507505.5 539736976.4 328153798.1 307779478.3 484319060.2 537717174.9 285174790.2 486584915.5 303663750.2 301165604.7 442107345.4 351249455.9 544936589.4 213764586.8 403936079.9 384809667.5 237255466.2 494542180.4 400322141.8 314194117.4 322110073.9 300032370.1 316732709.8 617564644.9 0 0 0 0 0 0 0 0 0 
0 0 0 0 0 0 0 0 0 236731513.5 521867333.2 453063842.9 410256540 496658939 657329162.1 740150798.1 519020508.4 436739567.3 786038925.4 416453214.8 681644917.8 386670076 581424974.6 628962688.6 502144723.5 619434658 641427989.8 498881716.3 703738031.2 546618485.1 653681610.4 882958774.9 607373632.5 663301167.1 653752560.5 560822941.3 570725502.3 578673464.8 590564656.2 548188197 769488918.6 539884853.6 612640013.7 737151801.7 606930482.6 554795160.6 552100794.6 588579578.5 397996898.4 720183437.2 379535131.9 483365337 673799042.1 548597850.9 533867602.7 786462737.8 471668813.6 390528111 691751501.6 557466232.3 427740874.4 645073856.2 634265030.8 512296235.5 487456981.9 514762275.1 499944324.8 607997995.6 649363361.8 545940029.3 459942659.9 436417237.4 333856323.7 574532568.1 639765168.6 527028992.8 504604615.3 364303731.3 437304853 546939477.1 544911373.5 0 0 0 0 0 0 0 0 0 
0 0 0 0 0 0 0 0 0 578803458.7 369881967.7 567910005.7 377451780.2 497114396 542835745.6 676858288.4 404222686.7 362885137.1 541917432.5 624040707.8 486614067.5 769017480.4 904167611.9 1259056651 1083300203 953029019.7 1066226534 1084608465 841647490.4 910726744.5 1194007373 927699170.4 842364795.5 1050984472 1055150126 941820736.4 1164967870 1055880786 925165211.1 1010699539 941156333.7 933097272.2 810560104.9 923356231.5 813309685.3 925158646.5 715634760.2 679833230.6 653854637.4 687682044.4 840369425.8 748787334.5 1408068886 628671034.1 865896400.5 592615410.4 660980046 614342245 657510232.3 745747918.3 610236879.9 566049319 607678512 605923214.1 734667773.4 758927493.8 710779335.2 737513915.7 665464770.7 727184821.6 941333024.3 1025562314 655514987.8 597331876.1 511692424.1 658739137.3 583955889.4 555157921.6 462767212.8 478879175.4 585386801.5 0 0 0 0 0 0 0 0 0 
0 0 0 0 0 0 0 0 0 355758514 434282924.5 531544298.7 469315888.6 474544956.7 504120536.7 537155092.6 549939736.4 490379195.8 654207224.4 836685957.3 684136977.9 643751643.3 993877179.9 1162089227 990299664.9 1317662201 1035609959 1267866932 1029758360 1179000109 1132472413 1161014270 1075142396 1072986624 991512078.5 1097127528 1050431144 1018465392 1088536914 1072087555 981422159.8 1078053507 815916561.9 711990905 750036815.6 737157419.5 599323891.1 576678153.4 523374549.2 608967695.1 651969067.5 598254282.5 572911539.1 657344674.1 535475865.9 637218502.2 709245353.8 541572447.5 539199300.7 797924824.8 574988006 580193279.4 723755865.3 687608993.1 908721599.3 1006257099 774595422.8 656383123.8 729288347.6 798518465.1 857334044 740702791.3 635887496.5 619513819.7 795637094.5 603570456.9 628257309.9 511933304.4 581689650.4 389668909.9 406182454.5 0 0 0 0 0 0 0 0 0 
0 0 0 0 0 0 0 0 0 377611257.1 580858954.2 400515460.8 505248918 617408277.9 503900119.3 670294237.2 677578274.1 462065370 561256144.5 638491696.2 608120637.7 740684814.1 1021386845 1013444948 975567506.8 890092500.6 943660806.7 1035908970 1131162398 1003021921 953280656.2 932801053.7 923115863 1.388689665e+11 1102890686 1171330024 906733422.4 1019143488 1019860162 979829798.2 910635277.2 1011652255 896720593.7 696446859.6 870400984.4 608792427.9 680198369.5 626667669.6 486602859.1 596446036.3 962359166.6 679653294.8 633332200.7 636027372.6 648933085.4 650473336.6 760661570.4 588910642.4 635699975.2 607298117.9 673568791.9 727869956.6 775661927.2 787331746.8 863456399.8 937877333.5 770905988.7 684233944.2 857788195.8 664777419.4 731550990.9 678175031.1 571447856.8 712511894.8 467446953.3 910738462.8 568681960.5 683730207.6 397786197.9 473326420.3 503602464.8 304653 0 0 0 0 0 0 0 0 
0 0 0 0 0 0 0 0 0 328389579.9 404960306.9 372473096.9 386854522.6 678113192.4 459941570.4 551095005.6 478765028.6 653833673.8 1161499567 526598872 601238130.8 698194737.3 1104135560 921029495.4 1052211079 990771388.2 4.717718573e+10 991747012.7 1029473242 991301405.5 1024193168 1.165826435e+11 977980647.8 1036811914 959264991.8 1030744749 959227454.3 995499298 985440961.8 853689928.9 1016300326 1002229166 933626897.8 979416169.1 593705286.5 567889316 743301589.9 563419867.1 525229197.6 646639804.3 522357000.4 784813767.9 627833146 672132187.5 707787471.4 559770868 545166457.8 641144788.5 546802552.8 505978704.6 510319817.5 805271991.4 811313127.8 1023693525 714951173.7 878064275.6 780852300.9 780419267.1 813774494.2 801911563.3 711930135.4 684868788.5 711755199.9 738068239.3 836198376.8 516310857.7 704157435.8 469631436 466699449.1 334600220.3 686541207.7 0 0 0 0 0 0 0 0 0 
0 0 0 0 0 0 0 0 0 281448075.5 368446553.6 395128338.5 491849790 450154668.9 595307800.2 518201895 465968900.3 479795048.5 678504156.4 632076154.1 642219718 792166401.5 943171615.4 857160633.4 1134634536 1081468742 7.174783532e+10 1016878755 1.100709184e+11 941047751 1011498589 893395529.4 1007505008 969325382.6 983422440.8 982301315 1069579758 1034921610 991882550.2 992204232.3 933501110.4 806381453.2 1116092556 717466473.4 667403073.8 669297788.3 879916208.3 624919046.4 696003411.9 581393934 609612991.7 696142638 669088809.7 731151973.2 758498060.3 548278445.2 602369741.1 519313002.3 588555859.2 564493263.3 579781741.9 706809631.7 703586398.1 648834363 855830268.5 677790280.8 782603517.1 693187441.6 650426840.6 676115865.5 668686668.6 804106098.9 568898064.8 554529550.9 556843188.2 537234527.7 488760840.2 1.108839689e+11 497820689.4 421640675.9 427995922.7 0 0 0 0 0 0 0 0 0 
0 0 0 0 0 0 0 0 0 311174779.8 475149860.9 482067410.2 478983495.7 439634372.2 477377216.3 593728232.9 614626018.5 589200269.2 658003714.7 637930135.1 608774491.3 1008092772 1048965173 884310890.1 1170606681 944950132.7 934202107.6 1108523549 981867329.4 1151687449 944284676.3 1035315297 1163319834 1061305608 1096033998 959548052.6 984444050.8 1019611820 848285717.9 1049668160 959167636.9 947023553.2 965366177 705247763.3 647714322.8 654694689.3 659228171.4 532113351.7 549652609.8 645340515.7 624036195 634215900.1 547642073.5 557599034.5 666052213.8 662993522.2 596992253.3 613476128.3 546260735.3 584967961.9 545361134.8 551138473.9 648713486.6 845600445.3 774914427.5 805758107.4 730446973 881651694.9 771258563.8 795752352.5 664296513.1 733898564.8 568380460.1 709712771.3 559856413.7 566803913.2 365837567.5 530216668.3 455118773 349259482 394593281.4 0 0 0 0 0 0 0 0 0 
0 0 0 0 0 0 0 0 0 679122104.2 374519150.3 1137572806 574606222 479299257 643505633.5 521190022.5 467438140.3 535943108.2 655300449 568034364.5 598099285.8 974437349.2 982411489.6 1117839886 1128311469 7.801655035e+10 1146907223 988370045.4 1033837239 1050060457 934885776.8 979087255.8 931605749.5 935944391.3 997886646.2 887467556.3 993855286.3 1006390668 1052218923 954037838.1 918322077.8 926566283.5 756951849.7 700163779.7 593972753.8 653300510 615739975.2 500329208.9 644181739.2 548299017.8 554141548 977391861.9 627360558 544513807.2 778424309.8 745930928.4 604502415.7 896330147.9 574175184 5.080780383e+10 585887242.1 543824240.9 820238293.4 734778914.9 3.968351795e+10 867246472.4 792382809.1 696173893.1 701705095.3 711333375.5 667710275 945295494.6 643311888.7 573037036.2 978839460.7 634140670.6 536049890.8 507512118 519278462.7 381234888.4 487975587.3 0 0 0 0 0 0 0 0 0 
0 0 0 0 0 0 0 0 0 258154786.5 373994092.3 507488783.1 516560766.2 412420284.6 433804894.4 521900151.8 428091618.2 512695249.6 657521148.9 650126405.5 477098348.1 726702623.6 1028110303 1065921135 926488357.2 1257331663 1132260803 978904160.3 1030485404 941865949.9 1004022753 996072787.7 1052353061 1040441102 1087711932 967694933.9 1026301003 1077376489 1075200817 1034406326 951866374 892001522.7 801034942.5 791176575.1 829012559 644106393.7 522890906.7 628818956.5 540055876.3 461972494.2 736669245.4 616999034.2 642041474.6 621304301.1 769855258.4 595956117.9 801152193.9 547729755.3 625760187.6 583627586.8 596117922.5 686200545.3 685656006.8 781853103.3 824611175.6 804461222.8 695605764.9 1061547483 670474339.8 1900026668 748108780.9 7.833296609e+10 643907362.7 795724550.3 674789849.3 434744725.7 626946786.3 675594998.9 414575088.9 498947795 599777300 0 0 0 0 0 0 0 0 0 
0 0 0 0 0 0 0 0 0 361091027.5 338319766.1 428797349.6 467770165.6 482933559.2 605925527.6 438088102.4 633859426.2 623835385 660081440.1 585067671.2 672130810.9 635833710.2 1004903972 1189603596 1002506884 968972028.1 1209085082 1124677242 1117114530 1402010203 1072578191 980428762.6 986513334.9 1.056887502e+11 1037095123 992892143.2 1135070596 935283789.4 1099831294 7.801872473e+10 1103839335 931050036.5 901477925.1 938863851.9 856059544 720764478.6 598056889.7 569240928.2 663769050 666355888 576833925.3 698782440.1 612879541.6 572224607.4 856106442.5 540387633 6.985156907e+10 726739370.7 637747423.2 550262998.6 589962818.4 589615892.7 682231667.7 735739985 803957069.4 908123124.6 714031217.5 802737322.9 930835483.3 750163283.7 661408994.6 632213785.9 726792576.5 748384361.8 540139480.2 385959136.8 610960189.4 487774157.7 506880982.3 595237761.7 763556047.9 0 0 0 0 0 0 0 0 0 
0 0 0 0 0 0 0 0 0 337349685.4 399347553.3 422179726.3 398691431.6 608849353.1 470138065.7 399256510.3 580247775.6 485624917.1 544003451.5 685839833.2 717307494.6 1075215528 871210025.2 761112622.6 996236217 1145706693 997579263.4 936565331 1051649046 972283149.8 1045278468 966769113.1 866489264.9 1120491784 827769745.3 1281461793 887942670.5 1102411507 1016881890 1141517591 994095408.9 1019473296 922733803.5 634180911 761549987.5 910461193.9 857758440.7 674787303.7 508089987.7 741427733.7 684603620.8 651479642.1 779488975.6 793206839.7 586862238.5 774783756.6 623662291.7 648139931 641918204.5 575325804.7 688874768.6 712865505.5 1045472227 712189359.3 961465500.9 706600868.3 731728193.3 647117094.2 805230784.1 754799376.8 839753767.8 580668993.1 707197665 577090793.7 572726130.8 505835890.6 652285742.5 577324851.5 483232924.5 521140853.3 767164304.7 0 0 0 0 0 0 0 0 0 
0 0 0 0 0 0 0 0 4.094035527e-11 328243605.4 753501906.2 542141132.2 395065511 392763797.7 435564796.6 410583846 354899793.5 549058317.8 614005176.4 630322474.6 416551488.6 703105759.4 604234688.8 557033163 576408480.9 683056622.1 503795492.1 734770820.7 587503235.4 513820147.9 504980483.2 822785238.3 525457706.6 632301061.6 430747132.5 451806033.9 632336398.3 593028104.9 592100560.1 591268658.1 423501098.2 544340730 594872031 674354383.4 606944959.7 444903236.1 427712614.8 646476853.9 914556336.5 498653236.9 525323198.8 489306632.7 432810446.5 545539974 489655315 759714368 502072906.8 562875552.4 528392659.7 645582483.3 487947308.6 446037217.6 697648169.4 490564862 473393137.5 451077636.8 381671254.5 418668904.6 474468704.3 424389616.2 480485221.2 459463178.2 455757786.4 527450037.2 406762397.5 338908250.9 328216217.3 530473214.8 462907442.2 315674639.3 389058365.2 0 0 0 0 0 0 0 0 0 
0 0 0 0 0 0 0 0 0 364841192.1 239868020.1 362979269.5 301035434.8 347068193.4 561133609.3 356188385 645110553.4 461773964 523267593.1 387689389.6 297609637.2 301711558.5 332969371.8 541117292.6 324669602.1 322277916.6 287510634.7 397565239.5 455255695.7 335257492.4 462851973.4 347516170.6 526630546.1 261272236.8 455456019.1 231780055.8 388780269.5 2046121672 383230000.9 238218095.9 332485066.8 309224513.9 304722622 436403720.1 405543269.8 354764028.5 483712973.7 247345730 458844989.5 450212661.7 265350807 463159770.2 336795833.1 824559222.9 349481730.1 441302343 603305640.5 204747902.5 222443597.6 350582371 248229749 445121649.8 352530815.9 209309985.4 665505659.9 465752297.4 209733599.7 515847256.2 370173917.4 431523358.4 335836949.2 325633971.8 346530879 355973596.7 272858654.2 221167807.8 384813287.1 272705440.3 228669265.5 303683698.6 260726895.1 0 0 0 0 0 0 0 0 0 
0 0 0 0 0 0 0 0 0 137114766.9 172896904.5 358296490.9 221068302 281381920.9 403390374.4 217331497 411736228.3 216568319.1 201975464 989505342.6 289472601.6 264512597.8 320430993.8 199379180.4 179893993.4 345134879.4 225242531.1 187430540.8 367002333.1 302024990.3 518600198.3 339193525.2 222289810.9 230326542.6 263874744.4 187624006.7 226063668.6 371895249.8 282279699.9 295506388.2 335366785.1 276144524.9 292294139.2 293947515 253240339.5 184117367.9 246094186.4 283025168.8 225717496.8 220867130.7 233103894.7 274462549.4 338482624.6 187771572.7 258077056.1 159094888.5 360601646.9 140171339.7 225518243.9 167644389.4 266878378.5 144903362.6 169059037.5 90514212.57 205588240 135087475.7 310349709.4 218820815.6 226810446.8 272157439.2 255060326.5 185408090.7 125402560.7 145210960.9 233119642 157775912.3 131308129.6 165071044.9 200257417.5 197173239.8 138903998.4 0 0 0 0 0 0 0 0 0 
0 0 0 0 0 0 0 0 0 137150202 254910282.4 368078230.7 127800637.5 101369083.5 223079217.3 163033109 350175554.1 131259649.7 117788269.2 186437477.8 87149102.86 99411980.9 83870144.28 302860526.9 184225000.4 106429091.3 200807255.4 274450286 131521632.2 186044816.2 220536751.6 202095420.7 114598069.9 182050776.1 94616619.41 106077205 284748392.3 83806358.74 94394297.84 128820716 138534289.5 209826293.6 87813717.36 94550742.44 90614777.83 151455752.7 260702696.5 241650250.9 158381323.6 200223411 174688124 184187034.7 144203783.9 107202991.5 125139770 791328921.3 172600481.6 165072762.5 135305632.3 106037142.6 177281480.3 140072266 149978610.9 42658641.16 83339382.58 88566466.15 170785842.2 155551369.9 90031996.4 193725389 171973300.7 71246226.12 53224591.94 133376161.6 206763595.3 171156262.7 388706278.4 86143084.26 201770953.5 90894900.93 155645886.7 0 0 0 0 0 0 0 0 0 
0 0 0 0 0 0 0 0 0 0 0 0 0 0 0 0 0 0 0 0 0 0 0 0 0 0 0 0 0 0 0 0 0 0 0 0 0 0 0 0 0 0 0 0 0 0 0 0 0 0 0 0 0 0 0 0 0 0 0 0 0 0 0 0 0 0 0 0 0 0 0 0 0 0 0 0 0 0 0 0 0 0 0 0 0 0 0 0 0 0 
0 0 0 0 0 0 0 0 0 0 0 0 0 0 0 0 0 0 0 0 0 0 0 0 0 0 0 0 0 0 0 0 0 0 0 0 0 0 0 0 0 0 0 0 0 0 0 0 0 0 0 0 0 0 0 0 0 0 0 0 0 0 0 0 0 0 0 0 0 0 0 0 0 0 0 0 0 0 0 0 0 0 0 0 0 0 0 0 0 0 
0 0 0 0 0 0 0 0 0 0 0 0 0 0 0 0 0 0 0 0 0 0 0 0 0 0 0 0 0 0 0 0 0 0 0 0 0 0 0 0 0 0 0 0 0 0 0 0 0 0 0 0 0 0 0 0 0 0 0 0 0 0 0 0 0 0 0 0 0 0 0 0 0 0 0 0 0 0 0 0 0 0 0 0 0 0 0 0 0 0 
0 0 0 0 0 0 0 0 0 0 0 0 0 0 0 0 0 0 0 0 0 0 0 0 0 0 0 0 0 0 0 0 0 0 0 0 0 0 0 0 0 0 0 0 0 0 0 0 0 0 0 0 0 0 0 0 0 0 0 0 0 0 0 0 0 0 0 0 0 0 0 0 0 0 0 0 0 0 0 0 0 0 0 0 0 0 0 0 0 0 
0 0 0 0 0 0 0 0 0 0 0 0 0 0 0 0 0 0 0 0 0 0 0 0 0 0 0 0 0 0 0 0 0 0 0 0 0 0 0 0 0 0 0 0 0 0 0 0 0 0 0 0 0 0 0 0 0 0 0 0 0 0 0 0 0 0 0 0 0 0 0 0 0 0 0 0 0 0 0 0 0 0 0 0 0 0 0 0 0 0 
0 0 0 0 0 0 0 0 0 0 0 0 0 0 0 0 0 0 0 0 0 0 0 0 0 0 0 0 0 0 0 0 0 0 0 0 0 0 0 0 0 0 0 0 0 0 0 0 0 0 0 0 0 0 0 0 0 0 0 0 0 0 0 0 0 0 0 0 0 0 0 0 0 0 0 0 0 0 0 0 0 0 0 0 0 0 0 0 0 0 
0 0 0 0 0 0 0 0 0 0 0 0 0 0 0 0 0 0 0 0 0 0 0 0 0 0 0 0 0 0 0 0 0 0 0 0 0 0 0 0 0 0 0 0 0 0 0 0 0 0 0 0 0 0 0 0 0 0 0 0 0 0 0 0 0 0 0 0 0 0 0 0 0 0 0 0 0 0 0 0 0 0 0 0 0 0 0 0 0 0 
0 0 0 0 0 0 0 0 0 0 0 0 0 0 0 0 0 0 0 0 0 0 0 0 0 0 0 0 0 0 0 0 0 0 0 0 0 0 0 0 0 0 0 0 0 0 0 0 0 0 0 0 0 0 0 0 0 0 0 0 0 0 0 0 0 0 0 0 0 0 0 0 0 0 0 0 0 0 0 0 0 0 0 0 0 0 0 0 0 0 
0 0 0 0 0 0 0 0 0 0 0 0 0 0 0 0 0 0 0 0 0 0 0 0 0 0 0 0 0 0 0 0 0 0 0 0 0 0 0 0 0 0 0 0 0 0 0 0 0 0 0 0 0 0 0 0 0 0 0 0 0 0 0 0 0 0 0 0 0 0 0 0 0 0 0 0 0 0 0 0 0 0 0 0 0 0 0 0 0 0 
0 0 0 0 0 0 0 0 0 0 0 0 0 0 0 0 0 0 0 0 0 0 0 0 0 0 0 0 0 0 0 0 0 0 0 0 0 0 0 0 0 0 0 0 0 0 0 0 0 0 0 0 0 0 0 0 0 0 0 0 0 0 0 0 0 0 0 0 0 0 0 0 0 0 0 0 0 0 0 0 0 0 0 0 0 0 0 0 0 0 
0 0 0 0 0 0 0 0 0 0 0 0 0 0 0 0 0 0 0 0 0 0 0 0 0 0 0 0 0 0 0 0 0 0 0 0 0 0 0 0 0 0 0 0 0 0 0 0 0 0 0 0 0 0 0 0 0 0 0 0 0 0 0 0 0 0 0 0 0 0 0 0 0 0 0 0 0 0 0 0 0 0 0 0 0 0 0 0 0 0 
0 0 0 0 0 0 0 0 0 0 0 0 0 0 0 0 0 0 0 0 0 0 0 0 0 0 0 0 0 0 0 0 0 0 0 0 0 0 0 0 0 0 0 0 0 0 0 0 0 0 0 0 0 0 0 0 0 0 0 0 0 0 0 0 0 0 0 0 0 0 0 0 0 0 0 0 0 0 0 0 0 0 0 0 0 0 0 0 0 0 
0 0 0 0 0 0 0 0 0 0 0 0 0 0 0 0 0 0 0 0 0 0 0 0 0 0 0 0 0 0 0 0 0 0 0 0 0 0 0 0 0 0 0 0 0 0 0 0 0 0 0 0 0 0 0 0 0 0 0 0 0 0 0 0 0 0 0 0 0 0 0 0 0 0 0 0 0 0 0 0 0 0 0 0 0 0 0 0 0 0 
0 0 0 0 0 0 0 0 0 0 0 0 0 0 0 0 0 0 0 0 0 0 0 0 0 0 0 0 0 0 0 0 0 0 0 0 0 0 0 0 0 0 0 0 0 0 0 0 0 0 0 0 0 0 0 0 0 0 0 0 0 0 0 0 0 0 0 0 0 0 0 0 0 0 0 0 0 0 0 0 0 0 0 0 0 0 0 0 0 0 
0 0 0 0 0 0 0 0 0 0 0 0 0 0 0 0 0 0 0 0 0 0 0 0 0 0 0 0 0 0 0 0 0 0 0 0 0 0 0 0 0 0 0 0 0 0 0 0 0 0 0 0 0 0 0 0 0 0 0 0 0 0 0 0 0 0 0 0 0 0 0 0 0 0 0 0 0 0 0 0 0 0 0 0 0 0 0 0 0 0 
0 0 0 0 0 0 0 0 0 0 0 0 0 0 0 0 0 0 0 0 0 0 0 0 0 0 0 0 0 0 0 0 0 0 0 0 0 0 0 0 0 0 0 0 0 0 0 0 0 0 0 0 0 0 0 0 0 0 0 0 0 0 0 0 0 0 0 0 0 0 0 0 0 0 0 0 0 0 0 0 0 0 0 0 0 0 0 0 0 0 
0 0 0 0 0 0 0 0 0 0 0 0 0 0 0 0 0 0 0 0 0 0 0 0 0 0 0 0 0 0 0 0 0 0 0 0 0 0 0 0 0 0 0 0 0 0 0 0 0 0 0 0 0 0 0 0 0 0 0 0 0 0 0 0 0 0 0 0 0 0 0 0 0 0 0 0 0 0 0 0 0 0 0 0 0 0 0 0 0 0 
0 0 0 0 0 0 0 0 0 0 0 0 0 0 0 0 0 0 0 0 0 0 0 0 0 0 0 0 0 0 0 0 0 0 0 0 0 0 0 0 0 0 0 0 0 0 0 0 0 0 0 0 0 0 0 0 0 0 0 0 0 0 0 0 0 0 0 0 0 0 0 0 0 0 0 0 0 0 0 0 0 0 0 0 0 0 0 0 0 0 
0 0 0 0 0 0 0 0 0 0 0 0 0 0 0 0 0 0 0 0 0 0 0 0 0 0 0 0 0 0 0 0 0 0 0 0 0 0 0 0 0 0 0 0 0 0 0 0 0 0 0 0 0 0 0 0 0 0 0 0 0 0 0 0 0 0 0 0 0 0 0 0 0 0 0 0 0 0 0 0 0 0 0 0 0 0 0 0 0 0 
0 0 0 0 0 0 0 0 0 0 0 0 0 0 0 0 0 0 0 0 0 0 0 0 0 0 0 0 0 0 0 0 0 0 0 0 0 0 0 0 0 0 0 0 0 0 0 0 0 0 0 0 0 0 0 0 0 0 0 0 0 0 0 0 0 0 0 0 0 0 0 0 0 0 0 0 0 0 0 0 0 0 0 0 0 0 0 0 0 0 
0 0 0 0 0 0 0 0 0 0 0 0 0 0 0 0 0 0 0 0 0 0 0 0 0 0 0 0 0 0 0 0 0 0 0 0 0 0 0 0 0 0 0 0 0 0 0 0 0 0 0 0 0 0 0 0 0 0 0 0 0 0 0 0 0 0 0 0 0 0 0 0 0 0 0 0 0 0 0 0 0 0 0 0 0 0 0 0 0 0 
0 0 0 0 0 0 0 0 0 0 0 0 0 0 0 0 0 0 0 0 0 0 0 0 0 0 0 0 0 0 0 0 0 0 0 0 0 0 0 0 0 0 0 0 0 0 0 0 0 0 0 0 0 0 0 0 0 0 0 0 0 0 0 0 0 0 0 0 0 0 0 0 0 0 0 0 0 0 0 0 0 0 0 0 0 0 0 0 0 0 
0 0 0 0 0 0 0 0 0 0 0 0 0 0 0 0 0 0 0 0 0 0 0 0 0 0 0 0 0 0 0 0 0 0 0 0 0 0 0 0 0 0 0 0 0 0 0 0 0 0 0 0 0 0 0 0 0 0 0 0 0 0 0 0 0 0 0 0 0 0 0 0 0 0 0 0 0 0 0 0 0 0 0 0 0 0 0 0 0 0 
0 0 0 0 0 0 0 0 0 0 0 0 0 0 0 0 0 0 0 0 0 0 0 0 0 0 0 0 0 0 0 0 0 0 0 0 0 0 0 0 0 0 0 0 0 0 0 0 0 0 0 0 0 0 0 0 0 0 0 0 0 0 0 0 0 0 0 0 0 0 0 0 0 0 0 0 0 0 0 0 0 0 0 0 0 0 0 0 0 0 
0 0 0 0 0 0 0 0 0 0 0 0 0 0 0 0 0 0 0 0 0 0 0 0 0 0 0 0 0 0 0 0 0 0 0 0 0 0 0 0 0 0 0 0 0 0 0 0 0 0 0 0 0 0 0 0 0 0 0 0 0 0 0 0 0 0 0 0 0 0 0 0 0 0 0 0 0 0 0 0 0 0 0 0 0 0 0 0 0 0 
0 0 0 0 0 0 0 0 0 0 0 0 0 0 0 0 0 0 0 0 0 0 0 0 0 0 0 0 0 0 0 0 0 0 0 0 0 0 0 0 0 0 0 0 0 0 0 0 0 0 0 0 0 0 0 0 0 0 0 0 0 0 0 0 0 0 0 0 0 0 0 0 0 0 0 0 0 0 0 0 0 0 0 0 0 0 0 0 0 0 
0 0 0 0 0 0 0 0 0 0 0 0 0 0 0 0 0 0 0 0 0 0 0 0 0 0 0 0 0 0 0 0 0 0 0 0 0 0 0 0 0 0 0 0 0 0 0 0 0 0 0 0 0 0 0 0 0 0 0 0 0 0 0 0 0 0 0 0 0 0 0 0 0 0 0 0 0 0 0 0 0 0 0 0 0 0 0 0 0 0 
0 0 0 0 0 0 0 0 0 0 0 0 0 0 0 0 0 0 0 0 0 0 0 0 0 0 0 0 0 0 0 0 0 0 0 0 0 0 0 0 0 0 0 0 0 0 0 0 0 0 0 0 0 0 0 0 0 0 0 0 0 0 0 0 0 0 0 0 0 0 0 0 0 0 0 0 0 0 0 0 0 0 0 0 0 0 0 0 0 0 
0 0 0 0 0 0 0 0 0 0 0 0 0 0 0 0 0 0 0 0 0 0 0 0 0 0 0 0 0 0 0 0 0 0 0 0 0 0 0 0 0 0 0 0 0 0 0 0 0 0 0 0 0 0 0 0 0 0 0 0 0 0 0 0 0 0 0 0 0 0 0 0 0 0 0 0 0 0 0 0 0 0 0 0 0 0 0 0 0 0 
0 0 0 0 0 0 0 0 0 0 0 0 0 0 0 0 0 0 0 0 0 0 0 0 0 0 0 0 0 0 0 0 0 0 0 0 0 0 0 0 0 0 0 0 0 0 0 0 0 0 0 0 0 0 0 0 0 0 0 0 0 0 0 0 0 0 0 0 0 0 0 0 0 0 0 0 0 0 0 0 0 0 0 0 0 0 0 0 0 0 
0 0 0 0 0 0 0 0 0 0 0 0 0 0 0 0 0 0 0 0 0 0 0 0 0 0 0 0 0 0 0 0 0 0 0 0 0 0 0 0 0 0 0 0 0 0 0 0 0 0 0 0 0 0 0 0 0 0 0 0 0 0 0 0 0 0 0 0 0 0 0 0 0 0 0 0 0 0 0 0 0 0 0 0 0 0 0 0 0 0 
0 0 0 0 0 0 0 0 0 0 0 0 0 0 0 0 0 0 0 0 0 0 0 0 0 0 0 0 0 0 0 0 0 0 0 0 0 0 0 0 0 0 0 0 0 0 0 0 0 0 0 0 0 0 0 0 0 0 0 0 0 0 0 0 0 0 0 0 0 0 0 0 0 0 0 0 0 0 0 0 0 0 0 0 0 0 0 0 0 0 
0 0 0 0 0 0 0 0 0 0 0 0 0 0 0 0 0 0 0 0 0 0 0 0 0 0 0 0 0 0 0 0 0 0 0 0 0 0 0 0 0 0 0 0 0 0 0 0 0 0 0 0 0 0 0 0 0 0 0 0 0 0 0 0 0 0 0 0 0 0 0 0 0 0 0 0 0 0 0 0 0 0 0 0 0 0 0 0 0 0 
0 0 0 0 0 0 0 0 0 0 0 0 0 0 0 0 0 0 0 0 0 0 0 0 0 0 0 0 0 0 0 0 0 0 0 0 0 0 0 0 0 0 0 0 0 0 0 0 0 0 0 0 0 0 0 0 0 0 0 0 0 0 0 0 0 0 0 0 0 0 0 0 0 0 0 0 0 0 0 0 0 0 0 0 0 0 0 0 0 0 
0 0 0 0 0 0 0 0 0 0 0 0 0 0 0 0 0 0 0 0 0 0 0 0 0 0 0 0 0 0 0 0 0 0 0 0 0 0 0 0 0 0 0 0 0 0 0 0 0 0 0 0 0 0 0 0 0 0 0 0 0 0 0 0 0 0 0 0 0 0 0 0 0 0 0 0 0 0 0 0 0 0 0 0 0 0 0 0 0 0 
0 0 0 0 0 0 0 0 0 0 0 0 0 0 0 0 0 0 0 0 0 0 0 0 0 0 0 0 0 0 0 0 0 0 0 0 0 0 0 0 0 0 0 0 0 0 0 0 0 0 0 0 0 0 0 0 0 0 0 0 0 0 0 0 0 0 0 0 0 0 0 0 0 0 0 0 0 0 0 0 0 0 0 0 0 0 0 0 0 0 
# Events [PSD_Backtrace/PSD_Backtrace.dat] N:
0 0 0 0 0 0 0 0 0 0 0 0 0 0 0 0 0 0 0 0 0 0 0 0 0 0 0 0 0 0 0 0 0 0 0 0 0 0 0 0 0 0 0 0 0 0 0 0 0 0 0 0 0 0 0 0 0 0 0 0 0 0 0 0 0 0 0 0 0 0 0 0 0 0 0 0 0 0 0 0 0 0 0 0 0 0 0 0 0 0 
0 0 0 0 0 0 0 0 0 0 0 0 0 0 0 0 0 0 0 0 0 0 0 0 0 0 0 0 0 0 0 0 0 0 0 0 0 0 0 0 0 0 0 0 0 0 0 0 0 0 0 0 0 0 0 0 0 0 0 0 0 0 0 0 0 0 0 0 0 0 0 0 0 0 0 0 0 0 0 0 0 0 0 0 0 0 0 0 0 0 
0 0 0 0 0 0 0 0 0 0 0 0 0 0 0 0 0 0 0 0 0 0 0 0 0 0 0 0 0 0 0 0 0 0 0 0 0 0 0 0 0 0 0 0 0 0 0 0 0 0 0 0 0 0 0 0 0 0 0 0 0 0 0 0 0 0 0 0 0 0 0 0 0 0 0 0 0 0 0 0 0 0 0 0 0 0 0 0 0 0 
0 0 0 0 0 0 0 0 0 0 0 0 0 0 0 0 0 0 0 0 0 0 0 0 0 0 0 0 0 0 0 0 0 0 0 0 0 0 0 0 0 0 0 0 0 0 0 0 0 0 0 0 0 0 0 0 0 0 0 0 0 0 0 0 0 0 0 0 0 0 0 0 0 0 0 0 0 0 0 0 0 0 0 0 0 0 0 0 0 0 
0 0 0 0 0 0 0 0 0 0 0 0 0 0 0 0 0 0 0 0 0 0 0 0 0 0 0 0 0 0 0 0 0 0 0 0 0 0 0 0 0 0 0 0 0 0 0 0 0 0 0 0 0 0 0 0 0 0 0 0 0 0 0 0 0 0 0 0 0 0 0 0 0 0 0 0 0 0 0 0 0 0 0 0 0 0 0 0 0 0 
0 0 0 0 0 0 0 0 0 0 0 0 0 0 0 0 0 0 0 0 0 0 0 0 0 0 0 0 0 0 0 0 0 0 0 0 0 0 0 0 0 0 0 0 0 0 0 0 0 0 0 0 0 0 0 0 0 0 0 0 0 0 0 0 0 0 0 0 0 0 0 0 0 0 0 0 0 0 0 0 0 0 0 0 0 0 0 0 0 0 
0 0 0 0 0 0 0 0 0 0 0 0 0 0 0 0 0 0 0 0 0 0 0 0 0 0 0 0 0 0 0 0 0 0 0 0 0 0 0 0 0 0 0 0 0 0 0 0 0 0 0 0 0 0 0 0 0 0 0 0 0 0 0 0 0 0 0 0 0 0 0 0 0 0 0 0 0 0 0 0 0 0 0 0 0 0 0 0 0 0 
0 0 0 0 0 0 0 0 0 0 0 0 0 0 0 0 0 0 0 0 0 0 0 0 0 0 0 0 0 0 0 0 0 0 0 0 0 0 0 0 0 0 0 0 0 0 0 0 0 0 0 0 0 0 0 0 0 0 0 0 0 0 0 0 0 0 0 0 0 0 0 0 0 0 0 0 0 0 0 0 0 0 0 0 0 0 0 0 0 0 
0 0 0 0 0 0 0 0 0 0 0 0 0 0 0 0 0 0 0 0 0 0 0 0 0 0 0 0 0 0 0 0 0 0 0 0 0 0 0 0 0 0 0 0 0 0 0 0 0 0 0 0 0 0 0 0 0 0 0 0 0 0 0 0 0 0 0 0 0 0 0 0 0 0 0 0 0 0 0 0 0 0 0 0 0 0 0 0 0 0 
0 0 0 0 0 0 0 0 0 0 0 0 0 0 0 0 0 0 0 0 0 0 0 0 0 0 0 0 0 0 0 0 0 0 0 0 0 0 0 0 0 0 0 0 0 0 0 0 0 0 0 0 0 0 0 0 0 0 0 0 0 0 0 0 0 0 0 0 0 0 0 0 0 0 0 0 0 0 0 0 0 0 0 0 0 0 0 0 0 0 
0 0 0 0 0 0 0 0 0 0 0 0 0 0 0 0 0 0 0 0 0 0 0 0 0 0 0 0 0 0 0 0 0 0 0 0 0 0 0 0 0 0 0 0 0 0 0 0 0 0 0 0 0 0 0 0 0 0 0 0 0 0 0 0 0 0 0 0 0 0 0 0 0 0 0 0 0 0 0 0 0 0 0 0 0 0 0 0 0 0 
0 0 0 0 0 0 0 0 0 0 0 0 0 0 0 0 0 0 0 0 0 0 0 0 0 0 0 0 0 0 0 0 0 0 0 0 0 0 0 0 0 0 0 0 0 0 0 0 0 0 0 0 0 0 0 0 0 0 0 0 0 0 0 0 0 0 0 0 0 0 0 0 0 0 0 0 0 0 0 0 0 0 0 0 0 0 0 0 0 0 
0 0 0 0 0 0 0 0 0 0 0 0 0 0 0 0 0 0 0 0 0 0 0 0 0 0 0 0 0 0 0 0 0 0 0 0 0 0 0 0 0 0 0 0 0 0 0 0 0 0 0 0 0 0 0 0 0 0 0 0 0 0 0 0 0 0 0 0 0 0 0 0 0 0 0 0 0 0 0 0 0 0 0 0 0 0 0 0 0 0 
0 0 0 0 0 0 0 0 0 0 0 0 0 0 0 0 0 0 0 0 0 0 0 0 0 0 0 0 0 0 0 0 0 0 0 0 0 0 0 0 0 0 0 0 0 0 0 0 0 0 0 0 0 0 0 0 0 0 0 0 0 0 0 0 0 0 0 0 0 0 0 0 0 0 0 0 0 0 0 0 0 0 0 0 0 0 0 0 0 0 
0 0 0 0 0 0 0 0 0 0 0 0 0 0 0 0 0 0 0 0 0 0 0 0 0 0 0 0 0 0 0 0 0 0 0 0 0 0 0 0 0 0 0 0 0 0 0 0 0 0 0 0 0 0 0 0 0 0 0 0 0 0 0 0 0 0 0 0 0 0 0 0 0 0 0 0 0 0 0 0 0 0 0 0 0 0 0 0 0 0 
0 0 0 0 0 0 0 0 0 0 0 0 0 0 0 0 0 0 0 0 0 0 0 0 0 0 0 0 0 0 0 0 0 0 0 0 0 0 0 0 0 0 0 0 0 0 0 0 0 0 0 0 0 0 0 0 0 0 0 0 0 0 0 0 0 0 0 0 0 0 0 0 0 0 0 0 0 0 0 0 0 0 0 0 0 0 0 0 0 0 
0 0 0 0 0 0 0 0 0 0 0 0 0 0 0 0 0 0 0 0 0 0 0 0 0 0 0 0 0 0 0 0 0 0 0 0 0 0 0 0 0 0 0 0 0 0 0 0 0 0 0 0 0 0 0 0 0 0 0 0 0 0 0 0 0 0 0 0 0 0 0 0 0 0 0 0 0 0 0 0 0 0 0 0 0 0 0 0 0 0 
0 0 0 0 0 0 0 0 0 0 0 0 0 0 0 0 0 0 0 0 0 0 0 0 0 0 0 0 0 0 0 0 0 0 0 0 0 0 0 0 0 0 0 0 0 0 0 0 0 0 0 0 0 0 0 0 0 0 0 0 0 0 0 0 0 0 0 0 0 0 0 0 0 0 0 0 0 0 0 0 0 0 0 0 0 0 0 0 0 0 
0 0 0 0 0 0 0 0 0 0 0 0 0 0 0 0 0 0 0 0 0 0 0 0 0 0 0 0 0 0 0 0 0 0 0 0 0 0 0 0 0 0 0 0 0 0 0 0 0 0 0 0 0 0 0 0 0 0 0 0 0 0 0 0 0 0 0 0 0 0 0 0 0 0 0 0 0 0 0 0 0 0 0 0 0 0 0 0 0 0 
0 0 0 0 0 0 0 0 0 0 0 0 0 0 0 0 0 0 0 0 0 0 0 0 0 0 0 0 0 0 0 0 0 0 0 0 0 0 0 0 0 0 0 0 0 0 0 0 0 0 0 0 0 0 0 0 0 0 0 0 0 0 0 0 0 0 0 0 0 0 0 0 0 0 0 0 0 0 0 0 0 0 0 0 0 0 0 0 0 0 
0 0 0 0 0 0 0 0 0 0 0 0 0 0 0 0 0 0 0 0 0 0 0 0 0 0 0 0 0 0 0 0 0 0 0 0 0 0 0 0 0 0 0 0 0 0 0 0 0 0 0 0 0 0 0 0 0 0 0 0 0 0 0 0 0 0 0 0 0 0 0 0 0 0 0 0 0 0 0 0 0 0 0 0 0 0 0 0 0 0 
0 0 0 0 0 0 0 0 0 0 0 0 0 0 0 0 0 0 0 0 0 0 0 0 0 0 0 0 0 0 0 0 0 0 0 0 0 0 0 0 0 0 0 0 0 0 0 0 0 0 0 0 0 0 0 0 0 0 0 0 0 0 0 0 0 0 0 0 0 0 0 0 0 0 0 0 0 0 0 0 0 0 0 0 0 0 0 0 0 0 
0 0 0 0 0 0 0 0 0 0 0 0 0 0 0 0 0 0 0 0 0 0 0 0 0 0 0 0 0 0 0 0 0 0 0 0 0 0 0 0 0 0 0 0 0 0 0 0 0 0 0 0 0 0 0 0 0 0 0 0 0 0 0 0 0 0 0 0 0 0 0 0 0 0 0 0 0 0 0 0 0 0 0 0 0 0 0 0 0 0 
0 0 0 0 0 0 0 0 0 0 0 0 0 0 0 0 0 0 0 0 0 0 0 0 0 0 0 0 0 0 0 0 0 0 0 0 0 0 0 0 0 0 0 0 0 0 0 0 0 0 0 0 0 0 0 0 0 0 0 0 0 0 0 0 0 0 0 0 0 0 0 0 0 0 0 0 0 0 0 0 0 0 0 0 0 0 0 0 0 0 
0 0 0 0 0 0 0 0 0 0 0 0 0 0 0 0 0 0 0 0 0 0 0 0 0 0 0 0 0 0 0 0 0 0 0 0 0 0 0 0 0 0 0 0 0 0 0 0 0 0 0 0 0 0 0 0 0 0 0 0 0 0 0 0 0 0 0 0 0 0 0 0 0 0 0 0 0 0 0 0 0 0 0 0 0 0 0 0 0 0 
0 0 0 0 0 0 0 0 0 0 0 0 0 0 0 0 0 0 0 0 0 0 0 0 0 0 0 0 0 0 0 0 0 0 0 0 0 0 0 0 0 0 0 0 0 0 0 0 0 0 0 0 0 0 0 0 0 0 0 0 0 0 0 0 0 0 0 0 0 0 0 0 0 0 0 0 0 0 0 0 0 0 0 0 0 0 0 0 0 0 
0 0 0 0 0 0 0 0 0 0 0 0 0 0 0 0 0 0 0 0 0 0 0 0 0 0 0 0 0 0 0 0 0 0 0 0 0 0 0 0 0 0 0 0 0 0 0 0 0 0 0 0 0 0 0 0 0 0 0 0 0 0 0 0 0 0 0 0 0 0 0 0 0 0 0 0 0 0 0 0 0 0 0 0 0 0 0 0 0 0 
0 0 0 0 0 0 0 0 0 0 0 0 0 0 0 0 0 0 0 0 0 0 0 0 0 0 0 0 0 0 0 0 0 0 0 0 0 0 0 0 0 0 0 0 0 0 0 0 0 0 0 0 0 0 0 0 0 0 0 0 0 0 0 0 0 0 0 0 0 0 0 0 0 0 0 0 0 0 0 0 0 0 0 0 0 0 0 0 0 0 
0 0 0 0 0 0 0 0 0 0 0 0 0 0 0 0 0 0 0 0 0 0 0 0 0 0 0 0 0 0 0 0 0 0 0 0 0 0 0 0 0 0 0 0 0 0 0 0 0 0 0 0 0 0 0 0 0 0 0 0 0 0 0 0 0 0 0 0 0 0 0 0 0 0 0 0 0 0 0 0 0 0 0 0 0 0 0 0 0 0 
0 0 0 0 0 0 0 0 0 0 0 0 0 0 0 0 0 0 0 0 0 0 0 0 0 0 0 0 0 0 0 0 0 0 0 0 0 0 0 0 0 0 0 0 0 0 0 0 0 0 0 0 0 0 0 0 0 0 0 0 0 0 0 0 0 0 0 0 0 0 0 0 0 0 0 0 0 0 0 0 0 0 0 0 0 0 0 0 0 0 
0 0 0 0 0 0 0 0 0 0 0 0 0 0 0 0 0 0 0 0 0 0 0 0 0 0 0 0 0 0 0 0 0 0 0 0 0 0 0 0 0 0 0 0 0 0 0 0 0 0 0 0 0 0 0 0 0 0 0 0 0 0 0 0 0 0 0 0 0 0 0 0 0 0 0 0 0 0 0 0 0 0 0 0 0 0 0 0 0 0 
0 0 0 0 0 0 0 0 0 0 0 0 0 0 0 0 0 0 0 0 0 0 0 0 0 0 0 0 0 0 0 0 0 0 0 0 0 0 0 0 0 0 0 0 0 0 0 0 0 0 0 0 0 0 0 0 0 0 0 0 0 0 0 0 0 0 0 0 0 0 0 0 0 0 0 0 0 0 0 0 0 0 0 0 0 0 0 0 0 0 
0 0 0 0 0 0 0 0 0 0 0 0 0 0 0 0 0 0 0 0 0 0 0 0 0 0 0 0 0 0 0 0 0 0 0 0 0 0 0 0 0 0 0 0 0 0 0 0 0 0 0 0 0 0 0 0 0 0 0 0 0 0 0 0 0 0 0 0 0 0 0 0 0 0 0 0 0 0 0 0 0 0 0 0 0 0 0 0 0 0 
0 0 0 0 0 0 0 0 0 0 0 0 0 0 0 0 0 0 0 0 0 0 0 0 0 0 0 0 0 0 0 0 0 0 0 0 0 0 0 0 0 0 0 0 0 0 0 0 0 0 0 0 0 0 0 0 0 0 0 0 0 0 0 0 0 0 0 0 0 0 0 0 0 0 0 0 0 0 0 0 0 0 0 0 0 0 0 0 0 0 
0 0 0 0 0 0 0 0 0 0 0 0 0 0 0 0 0 0 0 0 0 0 0 0 0 0 0 0 0 0 0 0 0 0 0 0 0 0 0 0 0 0 0 0 0 0 0 0 0 0 0 0 0 0 0 0 0 0 0 0 0 0 0 0 0 0 0 0 0 0 0 0 0 0 0 0 0 0 0 0 0 0 0 0 0 0 0 0 0 0 
0 0 0 0 0 0 0 0 0 0 0 0 0 0 0 0 0 0 0 0 0 0 0 0 0 0 0 0 0 0 0 0 0 0 0 0 0 0 0 0 0 0 0 0 0 0 0 0 0 0 0 0 0 0 0 0 0 0 0 0 0 0 0 0 0 0 0 0 0 0 0 0 0 0 0 0 0 0 0 0 0 0 0 0 0 0 0 0 0 0 
0 0 0 0 0 0 0 0 1 6853 6716 6662 6646 6719 6522 6554 6500 6509 6519 6414 6434 6317 6293 6271 6176 6202 6343 6029 6212 6142 6187 6063 5838 6169 5877 5931 6068 5860 6007 5851 5924 6074 6162 6127 5974 5929 6043 6096 5921 5860 5672 5712 5701 5576 5424 5506 5460 5489 5391 5321 5143 5183 5014 5195 4962 4972 4833 4791 4803 4608 4592 4419 4490 4535 4347 4166 4119 4187 4082 3967 3894 0 0 0 0 0 0 0 0 0 
0 0 0 0 0 0 0 0 0 11310 11623 11508 11342 11318 10943 11073 10877 10577 10665 10252 10025 9485 9233 8871 8820 8914 8904 8830 8963 8855 8912 8987 8807 8871 8913 9131 8918 8883 8867 9113 8858 8947 8833 8617 8675 8756 8372 8032 7839 8179 8083 8101 7950 7845 7905 7619 7640 7611 7504 7613 7238 7111 7092 6974 6787 6924 6796 6687 6605 6513 6390 6477 6316 6205 6130 6060 5852 5988 5733 5385 5433 0 0 0 0 0 0 0 0 0 
0 0 0 0 0 0 0 0 0 13372 13594 13846 14196 14195 14180 14445 14157 14034 13911 13805 14045 13727 13613 13382 12842 12446 12244 11831 11944 11794 11539 11436 11681 11523 11593 11836 11706 11678 11563 11895 11801 11987 12509 12606 13022 12716 12334 11999 11575 11660 11559 11314 11353 11076 11250 11182 11013 10716 10681 10716 10669 10516 10368 10141 10302 10145 10023 10107 9767 9598 9727 9684 9484 9356 9151 9128 9157 8872 8761 8439 8416 0 0 0 0 0 0 0 0 0 
0 0 0 0 0 0 0 0 0 12240 12726 13106 13397 13279 13235 13323 13133 12990 13245 13361 13224 12751 12443 11526 10669 9314 8210 7570 7418 7186 7306 7227 7122 7299 7279 7288 7377 7460 7517 7524 8052 9015 10527 11981 13186 13696 13972 13632 13325 12921 12680 12536 12187 12196 12159 11989 11942 11825 11746 12058 11787 11764 11443 11326 11365 11238 11151 10782 10970 10648 10524 10551 10399 10198 10306 9970 10020 9735 9259 8947 8777 0 0 0 0 0 0 0 0 0 
0 0 0 0 0 0 0 0 0 10786 11145 11542 11534 11681 11884 11806 11577 11519 12019 12393 12450 11852 10557 10091 8554 7021 5348 4490 4291 4530 4485 4436 4486 4649 4480 4602 4713 4651 4635 4720 5285 6547 8329 9967 11417 12109 12761 12428 11728 10773 10041 10082 10067 9639 9544 9366 9312 9332 9405 9621 9678 9654 9196 9140 9234 9070 9207 8976 8960 8902 8903 8616 8594 8486 8376 8433 8273 7834 7802 7422 7073 0 0 0 0 0 0 0 0 0 
0 0 0 0 0 0 0 0 0 9322 9760 10082 10077 10110 10218 10304 10045 10154 10503 11204 11778 10874 10220 9407 7853 6054 4425 3548 3661 3777 3846 3741 3789 3799 3906 3836 3875 3958 3858 3775 4206 5360 7217 9049 10693 11999 12633 12483 11927 10618 10114 9980 9746 9424 9431 9166 9079 8955 9109 9269 9459 9179 9029 8828 8976 8928 8781 8560 8474 8289 8264 7986 7876 7470 7487 7261 6972 6743 6368 5883 5795 0 0 0 0 0 0 0 0 0 
0 0 0 0 0 0 0 0 0 8168 8256 8756 8822 8961 8951 9050 8705 8999 9586 10300 10419 9637 8653 7979 6811 5040 3378 2755 2736 2863 3042 2956 2970 2930 3013 3127 2982 2862 2772 2733 3053 4192 6388 8471 10488 11705 12575 12697 11799 11085 10347 10123 9916 9802 9351 9293 9076 8938 9100 9265 9346 9257 8955 8936 9085 8832 8925 8820 8618 8472 8328 8043 7816 7530 7245 7029 6915 6613 6263 5935 5535 1 0 0 0 0 0 0 0 0 
0 0 0 0 0 0 0 0 0 7579 7967 7992 8074 8409 8384 8318 8253 8313 8950 9661 9603 8793 7887 7172 6034 4211 2778 1992 2021 2199 2242 2291 2245 2281 2228 2145 2203 2231 2009 1864 2361 3623 5529 7925 10174 11557 12087 12388 11678 11008 10080 9954 9591 9542 9335 9108 8835 8568 8814 8975 9106 8903 8809 8631 8667 8742 8442 8583 8406 8335 8260 8024 7686 7658 7389 7125 6819 6678 6176 5917 5460 0 0 0 0 0 0 0 0 0 
0 0 0 0 0 0 0 0 0 7616 7599 7868 7855 7823 8323 8372 8341 8206 9170 9398 9519 8656 7957 7141 5778 4176 2599 1869 2011 2046 2190 2118 2100 2115 2112 2053 2096 2045 1956 1800 2259 3461 5648 7927 10013 11383 12288 12264 11926 10894 9882 9609 9545 9444 9400 8813 8842 8431 8537 8616 8836 8784 8843 8399 8771 8709 8696 8496 8235 8232 7964 7886 7680 7273 7095 7088 6762 6343 6033 5867 5303 0 0 0 0 0 0 0 0 0 
0 0 0 0 0 0 0 0 0 7458 7662 7838 7900 8130 8257 8391 8064 8118 8749 9414 9316 8581 7683 7151 5933 4002 2592 1891 1893 2112 2134 2085 2140 2091 2148 2044 2066 2025 1849 1741 2228 3587 5730 8045 10326 11461 12168 12355 11739 10962 9878 9562 9524 9399 9243 8934 8840 8532 8485 8621 8596 8665 8309 8550 8620 8607 8520 8489 8331 8146 8252 7835 7764 7345 7204 6973 6653 6440 6038 5833 5416 0 0 0 0 0 0 0 0 0 
0 0 0 0 0 0 0 0 0 7819 7730 7722 8132 8077 8196 8236 8133 7964 8936 9609 9658 8535 7823 7046 5982 4131 2708 1924 1999 2170 2205 2190 2160 2121 2128 2130 2161 2054 1841 1863 2246 3552 5712 7923 10135 11459 12225 12410 11875 10832 10072 9724 9711 9474 9121 9081 8671 8492 8503 8812 8986 8695 8766 8246 8766 8724 8499 8564 8415 8328 8064 7957 7665 7491 7128 6891 6814 6402 6233 5745 5427 0 0 0 0 0 0 0 0 0 
0 0 0 0 0 0 0 0 0 8022 7905 8305 8664 8535 8662 8611 8497 8523 9159 9900 10118 9206 8362 7653 6475 4674 3273 2523 2447 2651 2733 2775 2769 2728 2802 2644 2830 2689 2569 2431 2923 4152 6143 8329 10544 11734 12386 12656 12015 11062 10394 10007 10027 9611 9561 9238 8860 8877 8739 9041 9314 9354 8758 8932 8899 8766 8515 8836 8538 8267 8165 8084 7747 7508 7328 7086 6866 6597 6326 6072 5584 0 0 0 0 0 0 0 0 0 
0 0 0 0 0 0 0 0 0 9059 9345 9666 9481 9634 9963 9956 9827 9623 10301 11000 11457 10669 9793 9089 7723 5704 4400 3723 3565 3712 3738 3840 3757 3822 3787 3902 3755 3796 3606 3571 4087 5272 7035 9074 11062 11675 12673 12552 12144 11042 10192 10185 10075 9768 9307 9012 8966 8808 9047 9282 9511 9303 8914 8850 8940 8889 8864 8718 8468 8374 8262 8058 7783 7564 7286 7139 7042 6735 6393 6048 5551 0 0 0 0 0 0 0 0 0 
0 0 0 0 0 0 0 0 0 10471 10798 11082 11031 11248 11436 11164 10958 11208 11699 12454 12353 11700 10678 9830 8447 6488 5097 4313 4152 4206 4180 4261 4271 4441 4420 4456 4437 4401 4427 4544 5179 6125 8007 9694 11174 11873 12052 12110 11373 10239 9722 9627 9379 9164 9034 8868 8514 8479 8608 8927 8978 8675 8487 8494 8466 8441 8573 8328 8360 8284 8357 8190 7955 7855 7859 7907 7718 7629 7358 6962 6647 0 0 0 0 0 0 0 0 0 
0 0 0 0 0 0 0 0 1 11915 12433 12391 12626 12724 12903 12656 12613 12602 12836 12776 13170 12014 11512 10726 9497 8098 7111 6300 6180 5968 5934 5967 6058 5893 6032 6090 6259 6218 6339 6354 6958 8011 9508 10674 11603 12419 13066 12726 12332 11685 11514 11471 11499 11153 10954 10828 10794 10691 10662 10835 10829 10521 10570 10599 10375 10605 10346 10304 10455 10275 10323 10053 9746 9768 9708 9686 9737 9430 9248 8757 8574 0 0 0 0 0 0 0 0 0 
0 0 0 0 0 0 0 0 0 12135 12405 12541 12493 12587 12643 12559 12328 12497 12474 12209 12295 11752 11796 11608 11364 10913 10675 10277 10416 10016 10067 10166 10102 10266 10085 9949 10121 10046 10002 10251 10290 10670 10697 10946 10880 11053 10948 10669 10554 10487 10444 10370 10343 10226 9888 10150 9955 9729 9646 9614 9842 9361 9712 9501 9366 9173 9247 9211 9166 9037 9074 8932 8640 8795 8407 8410 8349 8209 8017 8136 7866 0 0 0 0 0 0 0 0 0 
0 0 0 0 0 0 0 0 0 11342 11702 11588 11645 11439 11446 11194 11198 10987 10721 10518 10449 9524 9064 9045 8993 9023 8865 9009 9058 8860 8911 8872 8924 8901 9018 8954 8889 8986 8879 8883 8899 8854 8659 8631 8408 8319 8095 8239 8005 7929 7897 8080 7886 7822 7728 7521 7695 7366 7404 7433 7452 7325 7148 7114 7008 7080 6914 6991 6785 6699 6587 6538 6543 6329 6190 6248 6047 5963 5758 5819 5772 0 0 0 0 0 0 0 0 0 
0 0 0 0 0 0 0 0 0 8601 8777 8476 8395 8135 7894 7945 7889 7502 7650 7277 7115 6688 6613 6611 6565 6651 6778 6621 6602 6529 6689 6576 6497 6701 6769 6609 6581 6543 6671 6737 6688 6671 6589 6587 6536 6252 6345 6461 6406 6440 6265 6246 6318 5950 6082 6083 6020 5975 5815 5837 5879 5732 5622 5542 5381 5437 5370 5325 5306 5354 5141 5132 5037 4875 4764 4761 4805 4755 4535 4452 4523 0 0 0 0 0 0 0 0 0 
0 0 0 0 0 0 0 0 0 0 0 0 0 0 0 0 0 0 0 0 0 0 0 0 0 0 0 0 0 0 0 0 0 0 0 0 0 0 0 0 0 0 0 0 0 0 0 0 0 0 0 0 0 0 0 0 0 0 0 0 0 0 0 0 0 0 0 0 0 0 0 0 0 0 0 0 0 0 0 0 0 0 0 0 0 0 0 0 0 0 
0 0 0 0 0 0 0 0 0 0 0 0 0 0 0 0 0 0 0 0 0 0 0 0 0 0 0 0 0 0 0 0 0 0 0 0 0 0 0 0 0 0 0 0 0 0 0 0 0 0 0 0 0 0 0 0 0 0 0 0 0 0 0 0 0 0 0 0 0 0 0 0 0 0 0 0 0 0 0 0 0 0 0 0 0 0 0 0 0 0 
0 0 0 0 0 0 0 0 0 0 0 0 0 0 0 0 0 0 0 0 0 0 0 0 0 0 0 0 0 0 0 0 0 0 0 0 0 0 0 0 0 0 0 0 0 0 0 0 0 0 0 0 0 0 0 0 0 0 0 0 0 0 0 0 0 0 0 0 0 0 0 0 0 0 0 0 0 0 0 0 0 0 0 0 0 0 0 0 0 0 
0 0 0 0 0 0 0 0 0 0 0 0 0 0 0 0 0 0 0 0 0 0 0 0 0 0 0 0 0 0 0 0 0 0 0 0 0 0 0 0 0 0 0 0 0 0 0 0 0 0 0 0 0 0 0 0 0 0 0 0 0 0 0 0 0 0 0 0 0 0 0 0 0 0 0 0 0 0 0 0 0 0 0 0 0 0 0 0 0 0 
0 0 0 0 0 0 0 0 0 0 0 0 0 0 0 0 0 0 0 0 0 0 0 0 0 0 0 0 0 0 0 0 0 0 0 0 0 0 0 0 0 0 0 0 0 0 0 0 0 0 0 0 0 0 0 0 0 0 0 0 0 0 0 0 0 0 0 0 0 0 0 0 0 0 0 0 0 0 0 0 0 0 0 0 0 0 0 0 0 0 
0 0 0 0 0 0 0 0 0 0 0 0 0 0 0 0 0 0 0 0 0 0 0 0 0 0 0 0 0 0 0 0 0 0 0 0 0 0 0 0 0 0 0 0 0 0 0 0 0 0 0 0 0 0 0 0 0 0 0 0 0 0 0 0 0 0 0 0 0 0 0 0 0 0 0 0 0 0 0 0 0 0 0 0 0 0 0 0 0 0 
0 0 0 0 0 0 0 0 0 0 0 0 0 0 0 0 0 0 0 0 0 0 0 0 0 0 0 0 0 0 0 0 0 0 0 0 0 0 0 0 0 0 0 0 0 0 0 0 0 0 0 0 0 0 0 0 0 0 0 0 0 0 0 0 0 0 0 0 0 0 0 0 0 0 0 0 0 0 0 0 0 0 0 0 0 0 0 0 0 0 
0 0 0 0 0 0 0 0 0 0 0 0 0 0 0 0 0 0 0 0 0 0 0 0 0 0 0 0 0 0 0 0 0 0 0 0 0 0 0 0 0 0 0 0 0 0 0 0 0 0 0 0 0 0 0 0 0 0 0 0 0 0 0 0 0 0 0 0 0 0 0 0 0 0 0 0 0 0 0 0 0 0 0 0 0 0 0 0 0 0 
0 0 0 0 0 0 0 0 0 0 0 0 0 0 0 0 0 0 0 0 0 0 0 0 0 0 0 0 0 0 0 0 0 0 0 0 0 0 0 0 0 0 0 0 0 0 0 0 0 0 0 0 0 0 0 0 0 0 0 0 0 0 0 0 0 0 0 0 0 0 0 0 0 0 0 0 0 0 0 0 0 0 0 0 0 0 0 0 0 0 
0 0 0 0 0 0 0 0 0 0 0 0 0 0 0 0 0 0 0 0 0 0 0 0 0 0 0 0 0 0 0 0 0 0 0 0 0 0 0 0 0 0 0 0 0 0 0 0 0 0 0 0 0 0 0 0 0 0 0 0 0 0 0 0 0 0 0 0 0 0 0 0 0 0 0 0 0 0 0 0 0 0 0 0 0 0 0 0 0 0 
0 0 0 0 0 0 0 0 0 0 0 0 0 0 0 0 0 0 0 0 0 0 0 0 0 0 0 0 0 0 0 0 0 0 0 0 0 0 0 0 0 0 0 0 0 0 0 0 0 0 0 0 0 0 0 0 0 0 0 0 0 0 0 0 0 0 0 0 0 0 0 0 0 0 0 0 0 0 0 0 0 0 0 0 0 0 0 0 0 0 
0 0 0 0 0 0 0 0 0 0 0 0 0 0 0 0 0 0 0 0 0 0 0 0 0 0 0 0 0 0 0 0 0 0 0 0 0 0 0 0 0 0 0 0 0 0 0 0 0 0 0 0 0 0 0 0 0 0 0 0 0 0 0 0 0 0 0 0 0 0 0 0 0 0 0 0 0 0 0 0 0 0 0 0 0 0 0 0 0 0 
0 0 0 0 0 0 0 0 0 0 0 0 0 0 0 0 0 0 0 0 0 0 0 0 0 0 0 0 0 0 0 0 0 0 0 0 0 0 0 0 0 0 0 0 0 0 0 0 0 0 0 0 0 0 0 0 0 0 0 0 0 0 0 0 0 0 0 0 0 0 0 0 0 0 0 0 0 0 0 0 0 0 0 0 0 0 0 0 0 0 
0 0 0 0 0 0 0 0 0 0 0 0 0 0 0 0 0 0 0 0 0 0 0 0 0 0 0 0 0 0 0 0 0 0 0 0 0 0 0 0 0 0 0 0 0 0 0 0 0 0 0 0 0 0 0 0 0 0 0 0 0 0 0 0 0 0 0 0 0 0 0 0 0 0 0 0 0 0 0 0 0 0 0 0 0 0 0 0 0 0 
0 0 0 0 0 0 0 0 0 0 0 0 0 0 0 0 0 0 0 0 0 0 0 0 0 0 0 0 0 0 0 0 0 0 0 0 0 0 0 0 0 0 0 0 0 0 0 0 0 0 0 0 0 0 0 0 0 0 0 0 0 0 0 0 0 0 0 0 0 0 0 0 0 0 0 0 0 0 0 0 0 0 0 0 0 0 0 0 0 0 
0 0 0 0 0 0 0 0 0 0 0 0 0 0 0 0 0 0 0 0 0 0 0 0 0 0 0 0 0 0 0 0 0 0 0 0 0 0 0 0 0 0 0 0 0 0 0 0 0 0 0 0 0 0 0 0 0 0 0 0 0 0 0 0 0 0 0 0 0 0 0 0 0 0 0 0 0 0 0 0 0 0 0 0 0 0 0 0 0 0 
0 0 0 0 0 0 0 0 0 0 0 0 0 0 0 0 0 0 0 0 0 0 0 0 0 0 0 0 0 0 0 0 0 0 0 0 0 0 0 0 0 0 0 0 0 0 0 0 0 0 0 0 0 0 0 0 0 0 0 0 0 0 0 0 0 0 0 0 0 0 0 0 0 0 0 0 0 0 0 0 0 0 0 0 0 0 0 0 0 0 
0 0 0 0 0 0 0 0 0 0 0 0 0 0 0 0 0 0 0 0 0 0 0 0 0 0 0 0 0 0 0 0 0 0 0 0 0 0 0 0 0 0 0 0 0 0 0 0 0 0 0 0 0 0 0 0 0 0 0 0 0 0 0 0 0 0 0 0 0 0 0 0 0 0 0 0 0 0 0 0 0 0 0 0 0 0 0 0 0 0 
0 0 0 0 0 0 0 0 0 0 0 0 0 0 0 0 0 0 0 0 0 0 0 0 0 0 0 0 0 0 0 0 0 0 0 0 0 0 0 0 0 0 0 0 0 0 0 0 0 0 0 0 0 0 0 0 0 0 0 0 0 0 0 0 0 0 0 0 0 0 0 0 0 0 0 0 0 0 0 0 0 0 0 0 0 0 0 0 0 0 
0 0 0 0 0 0 0 0 0 0 0 0 0 0 0 0 0 0 0 0 0 0 0 0 0 0 0 0 0 0 0 0 0 0 0 0 0 0 0 0 0 0 0 0 0 0 0 0 0 0 0 0 0 0 0 0 0 0 0 0 0 0 0 0 0 0 0 0 0 0 0 0 0 0 0 0 0 0 0 0 0 0 0 0 0 0 0 0 0 0 
0 0 0 0 0 0 0 0 0 0 0 0 0 0 0 0 0 0 0 0 0 0 0 0 0 0 0 0 0 0 0 0 0 0 0 0 0 0 0 0 0 0 0 0 0 0 0 0 0 0 0 0 0 0 0 0 0 0 0 0 0 0 0 0 0 0 0 0 0 0 0 0 0 0 0 0 0 0 0 0 0 0 0 0 0 0 0 0 0 0 
0 0 0 0 0 0 0 0 0 0 0 0 0 0 0 0 0 0 0 0 0 0 0 0 0 0 0 0 0 0 0 0 0 0 0 0 0 0 0 0 0 0 0 0 0 0 0 0 0 0 0 0 0 0 0 0 0 0 0 0 0 0 0 0 0 0 0 0 0 0 0 0 0 0 0 0 0 0 0 0 0 0 0 0 0 0 0 0 0 0 
0 0 0 0 0 0 0 0 0 0 0 0 0 0 0 0 0 0 0 0 0 0 0 0 0 0 0 0 0 0 0 0 0 0 0 0 0 0 0 0 0 0 0 0 0 0 0 0 0 0 0 0 0 0 0 0 0 0 0 0 0 0 0 0 0 0 0 0 0 0 0 0 0 0 0 0 0 0 0 0 0 0 0 0 0 0 0 0 0 0 
0 0 0 0 0 0 0 0 0 0 0 0 0 0 0 0 0 0 0 0 0 0 0 0 0 0 0 0 0 0 0 0 0 0 0 0 0 0 0 0 0 0 0 0 0 0 0 0 0 0 0 0 0 0 0 0 0 0 0 0 0 0 0 0 0 0 0 0 0 0 0 0 0 0 0 0 0 0 0 0 0 0 0 0 0 0 0 0 0 0 
0 0 0 0 0 0 0 0 0 0 0 0 0 0 0 0 0 0 0 0 0 0 0 0 0 0 0 0 0 0 0 0 0 0 0 0 0 0 0 0 0 0 0 0 0 0 0 0 0 0 0 0 0 0 0 0 0 0 0 0 0 0 0 0 0 0 0 0 0 0 0 0 0 0 0 0 0 0 0 0 0 0 0 0 0 0 0 0 0 0 
0 0 0 0 0 0 0 0 0 0 0 0 0 0 0 0 0 0 0 0 0 0 0 0 0 0 0 0 0 0 0 0 0 0 0 0 0 0 0 0 0 0 0 0 0 0 0 0 0 0 0 0 0 0 0 0 0 0 0 0 0 0 0 0 0 0 0 0 0 0 0 0 0 0 0 0 0 0 0 0 0 0 0 0 0 0 0 0 0 0 
0 0 0 0 0 0 0 0 0 0 0 0 0 0 0 0 0 0 0 0 0 0 0 0 0 0 0 0 0 0 0 0 0 0 0 0 0 0 0 0 0 0 0 0 0 0 0 0 0 0 0 0 0 0 0 0 0 0 0 0 0 0 0 0 0 0 0 0 0 0 0 0 0 0 0 0 0 0 0 0 0 0 0 0 0 0 0 0 0 0 
0 0 0 0 0 0 0 0 0 0 0 0 0 0 0 0 0 0 0 0 0 0 0 0 0 0 0 0 0 0 0 0 0 0 0 0 0 0 0 0 0 0 0 0 0 0 0 0 0 0 0 0 0 0 0 0 0 0 0 0 0 0 0 0 0 0 0 0 0 0 0 0 0 0 0 0 0 0 0 0 0 0 0 0 0 0 0 0 0 0 
0 0 0 0 0 0 0 0 0 0 0 0 0 0 0 0 0 0 0 0 0 0 0 0 0 0 0 0 0 0 0 0 0 0 0 0 0 0 0 0 0 0 0 0 0 0 0 0 0 0 0 0 0 0 0 0 0 0 0 0 0 0 0 0 0 0 0 0 0 0 0 0 0 0 0 0 0 0 0 0 0 0 0 0 0 0 0 0 0 0 
0 0 0 0 0 0 0 0 0 0 0 0 0 0 0 0 0 0 0 0 0 0 0 0 0 0 0 0 0 0 0 0 0 0 0 0 0 0 0 0 0 0 0 0 0 0 0 0 0 0 0 0 0 0 0 0 0 0 0 0 0 0 0 0 0 0 0 0 0 0 0 0 0 0 0 0 0 0 0 0 0 0 0 0 0 0 0 0 0 0 
0 0 0 0 0 0 0 0 0 0 0 0 0 0 0 0 0 0 0 0 0 0 0 0 0 0 0 0 0 0 0 0 0 0 0 0 0 0 0 0 0 0 0 0 0 0 0 0 0 0 0 0 0 0 0 0 0 0 0 0 0 0 0 0 0 0 0 0 0 0 0 0 0 0 0 0 0 0 0 0 0 0 0 0 0 0 0 0 0 0 
0 0 0 0 0 0 0 0 0 0 0 0 0 0 0 0 0 0 0 0 0 0 0 0 0 0 0 0 0 0 0 0 0 0 0 0 0 0 0 0 0 0 0 0 0 0 0 0 0 0 0 0 0 0 0 0 0 0 0 0 0 0 0 0 0 0 0 0 0 0 0 0 0 0 0 0 0 0 0 0 0 0 0 0 0 0 0 0 0 0 
0 0 0 0 0 0 0 0 0 0 0 0 0 0 0 0 0 0 0 0 0 0 0 0 0 0 0 0 0 0 0 0 0 0 0 0 0 0 0 0 0 0 0 0 0 0 0 0 0 0 0 0 0 0 0 0 0 0 0 0 0 0 0 0 0 0 0 0 0 0 0 0 0 0 0 0 0 0 0 0 0 0 0 0 0 0 0 0 0 0 
0 0 0 0 0 0 0 0 0 0 0 0 0 0 0 0 0 0 0 0 0 0 0 0 0 0 0 0 0 0 0 0 0 0 0 0 0 0 0 0 0 0 0 0 0 0 0 0 0 0 0 0 0 0 0 0 0 0 0 0 0 0 0 0 0 0 0 0 0 0 0 0 0 0 0 0 0 0 0 0 0 0 0 0 0 0 0 0 0 0 
0 0 0 0 0 0 0 0 0 0 0 0 0 0 0 0 0 0 0 0 0 0 0 0 0 0 0 0 0 0 0 0 0 0 0 0 0 0 0 0 0 0 0 0 0 0 0 0 0 0 0 0 0 0 0 0 0 0 0 0 0 0 0 0 0 0 0 0 0 0 0 0 0 0 0 0 0 0 0 0 0 0 0 0 0 0 0 0 0 0 
0 0 0 0 0 0 0 0 0 0 0 0 0 0 0 0 0 0 0 0 0 0 0 0 0 0 0 0 0 0 0 0 0 0 0 0 0 0 0 0 0 0 0 0 0 0 0 0 0 0 0 0 0 0 0 0 0 0 0 0 0 0 0 0 0 0 0 0 0 0 0 0 0 0 0 0 0 0 0 0 0 0 0 0 0 0 0 0 0 0 
