# Format: McCode with text headers
# URL: http://www.mccode.org
# Creator:  3.99.99, git
# Instrument: ODIN_MCPL_baseline.instr
# Ncount: 885236
# Trace: no
# Gravitation: no
# Seed: 1000
# Directory: Filterscan/1
# Nodes: 12
# Param: l_min=1
# Param: l_max=11
# Param: n_pulses=1
# Param: wfm_delta=0.3
# Param: bp_frequency=7
# Param: WFM1_phase_offset=0
# Param: jitter_wfmc_1=0
# Param: WFM2_phase_offset=0
# Param: jitter_wfmc_2=0
# Param: fo1_phase_offset=0
# Param: jitter_fo_chopper_1=0
# Param: bp1_phase_offset=0
# Param: jitter_bp1=0
# Param: fo2_phase_offset=0
# Param: jitter_fo_chopper_2=0
# Param: bp2_phase_offset=0
# Param: jitter_bp2=0
# Param: t0_phase_offset=0
# Param: jit_t0_sec=0
# Param: fo3_phase_offset=0
# Param: jitter_fo_chopper_3=0
# Param: fo4_phase_offset=0
# Param: jitter_fo_chopper_4=0
# Param: fo5_phase_offset=0
# Param: jitter_fo_chopper_5=0
# Param: choppers=2
# Param: repeat=1
# Param: v_smear=0.1
# Param: pos_smear=0.01
# Param: dir_smear=0.01
# Param: filter=1
# Date: Sun Mar  1 17:29:24 2026 (1772382564)
# type: array_1d(300)
# Source: ODIN_MCPL_baseline (ODIN_MCPL_baseline.instr)
# component: wavelength
# position: 49.4198 0 -35.0741
# title: Wavelength [Angs] monitor
# Ncount: 10622832
# filename: wavelength.dat
# statistics: X0=3.58862; dX=1.18951;
# signal: Min=0; Max=4.2112e+08; Mean=1.01736e+07;
# values: 3.05209e+09 4.42982e+08 2319
# xvar: L
# yvar: (I,I_err)
# xlabel: Wavelength [Angs]
# ylabel: Intensity [n/s/bin]
# xlimits: 0.5 10
# variables: L I I_err N
0.5158333333 0 0 0 
0.5475 0 0 0 
0.5791666667 0 0 0 
0.6108333333 0 0 0 
0.6425 0 0 0 
0.6741666667 0 0 0 
0.7058333333 0 0 0 
0.7375 0 0 0 
0.7691666667 0 0 0 
0.8008333333 0 0 0 
0.8325 0 0 0 
0.8641666667 0 0 0 
0.8958333333 0 0 0 
0.9275 0 0 0 
0.9591666667 0 0 0 
0.9908333333 2.251467271e-06 2.59977047e-06 3 
1.0225 4.717088324e-10 4.57701843e-10 7 
1.054166667 5925.406705 6117.807842 15 
1.085833333 11185584.61 9148151.027 22 
1.1175 303974.3163 299714.3319 32 
1.149166667 5952886.104 3837739.472 40 
1.180833333 5546811.14 5619068.238 32 
1.2125 23860242.05 12662902.04 40 
1.244166667 16726394.64 12575714.1 55 
1.275833333 9541242.658 5388796.904 58 
1.3075 18574444.51 16763495.06 39 
1.339166667 12276909.51 10011164.09 47 
1.370833333 987522.7912 770861.9803 48 
1.4025 10679315.74 6959401.999 50 
1.434166667 1054427.604 648403.0907 53 
1.465833333 2582165.669 1593112.426 45 
1.4975 1365087.674 1182257.985 50 
1.529166667 47517784.95 31484501.46 48 
1.560833333 8607982.399 4748841.82 48 
1.5925 14880841.05 6788236.437 58 
1.624166667 289581.6129 211435.3725 30 
1.655833333 2561161.836 2496639.754 47 
1.6875 2332086.151 1498195.079 52 
1.719166667 3352859.065 2307394.13 41 
1.750833333 12837935.1 12210953.76 45 
1.7825 1948761.403 1266945.936 46 
1.814166667 4398044.296 2456550.249 44 
1.845833333 5025679.942 5008474.602 32 
1.8775 14960328.01 10874322.48 36 
1.909166667 30152256.17 30684675.42 28 
1.940833333 17470188.54 12074690.42 46 
1.9725 24690311.51 19092193.26 40 
2.004166667 2148365.398 2194295.776 23 
2.035833333 21270254.51 19707480.13 39 
2.0675 84502.2273 61097.31697 20 
2.099166667 2902044 2922976.676 29 
2.130833333 6352898.27 5924140.263 32 
2.1625 14564247.36 14355047.59 25 
2.194166667 15161042 15067281.14 24 
2.225833333 4640594.597 3057063.28 21 
2.2575 39489577.37 24204902.02 26 
2.289166667 26480791.8 15400013.85 21 
2.320833333 358486.7483 363905.3529 13 
2.3525 12644663.26 12907707.55 19 
2.384166667 26856907 19658991.56 13 
2.415833333 559753.2147 397352.5226 12 
2.4475 7904.079866 6324.624292 10 
2.479166667 36.62039898 38.13103261 8 
2.510833333 57442901.24 47240362.2 8 
2.5425 13977899.99 10364097.66 12 
2.574166667 84609573.1 48771283.38 16 
2.605833333 270509.3973 204306.4836 17 
2.6375 31796290.25 20702004.17 13 
2.669166667 29179683.58 26150802.96 20 
2.700833333 14137087.05 8106824.791 20 
2.7325 34766765.08 21815385.34 16 
2.764166667 2882360.003 2727398.065 19 
2.795833333 91003591.24 42898224.07 18 
2.8275 28040462.64 29390246.77 10 
2.859166667 44409062.64 24038287 20 
2.890833333 38839851.21 26920345.64 19 
2.9225 13181147.68 13658221.32 9 
2.954166667 19341027.49 11576965 10 
2.985833333 26721807.97 19576268.41 13 
3.0175 22791779.57 18942527.05 9 
3.049166667 7837619.733 5033186.965 12 
3.080833333 46752742.51 23981103.67 13 
3.1125 5602730.862 4266191.078 11 
3.144166667 41595040.34 23416022.05 9 
3.175833333 36516982.09 25966643.53 12 
3.2075 5873103.463 3848503.275 14 
3.239166667 21597128.46 15971089.36 10 
3.270833333 27500005.09 17541540.78 11 
3.3025 91710318.49 48997631.18 10 
3.334166667 5325322.896 4346328.761 10 
3.365833333 12157179.49 7397137.261 11 
3.3975 34912257.88 34806724.79 8 
3.429166667 13857882.17 15886446.12 3 
3.460833333 21921578.88 18182037.71 7 
3.4925 33154409.31 31935068.46 5 
3.524166667 3563453.809 3845403.46 6 
3.555833333 28255590.76 25815224.44 7 
3.5875 28087085.97 20901398.45 7 
3.619166667 14561756.87 14863318.82 6 
3.650833333 5089329.43 5440690.229 7 
3.6825 96391388.23 68280766.92 6 
3.714166667 2963887.417 3301255.352 4 
3.745833333 20803045.74 22783239.89 5 
3.7775 10145400.98 7822744.721 4 
3.809166667 0.0001192861371 0.0001460950071 2 
3.840833333 12030483.14 8975364.878 8 
3.8725 50403291.4 41177135.04 7 
3.904166667 1.830550049e-08 1.830550049e-08 1 
3.935833333 3757834.063 3504346.508 6 
3.9675 44646985.09 39662287.58 3 
3.999166667 22528935 13011186.83 9 
4.030833333 421120100.2 401435453 8 
4.0625 84675440.05 82077581.67 6 
4.094166667 4285483.185 3221243.129 7 
4.125833333 26001278.28 19652195.93 5 
4.1575 2843826.803 3115141.707 5 
4.189166667 11393122.03 12204653.47 6 
4.220833333 32849441.14 35974533.02 5 
4.2525 6023009.674 4466787.103 7 
4.284166667 0.5563591293 0.6813979561 2 
4.315833333 56739.601 63434.777 4 
4.3475 234790.2632 196536.1575 8 
4.379166667 82039.26134 94728.83454 3 
4.410833333 3387138.192 3911129.186 3 
4.4425 1.933542272e-27 1.933542272e-27 1 
4.474166667 1782600.782 2183231.166 2 
4.505833333 12120015.76 12120015.76 1 
4.5375 2750492.637 3151054.013 3 
4.569166667 29466269.17 24559717.83 4 
4.600833333 7835.375545 9577.370457 2 
4.6325 4304365.868 4970253.585 3 
4.664166667 2897.984738 2897.984738 1 
4.695833333 64820786.44 40453107.78 9 
4.7275 29668459.2 17042474 9 
4.759166667 136725.9172 126004.8184 4 
4.790833333 6.865896395e-12 5.239162088e-12 5 
4.8225 46669193.84 36140722.02 7 
4.854166667 50514310.79 40243523.04 3 
4.885833333 1.716638762e-19 2.102418668e-19 2 
4.9175 22844874.72 18098908 2 
4.949166667 38901992.22 29336516.44 2 
4.980833333 9.249946232e-26 9.249946232e-26 1 
5.0125 9.296423653 9.296423653 1 
5.044166667 1.582079845e-14 1.937366419e-14 2 
5.075833333 30333175.21 30333175.21 1 
5.1075 29227774.23 22705832.26 2 
5.139166667 0.0007448913216 0.0007448913216 1 
5.170833333 12011492.85 8503667.415 2 
5.2025 6204.629865 7599.088572 2 
5.234166667 0 0 0 
5.265833333 0 0 0 
5.2975 0 0 0 
5.329166667 0 0 0 
5.360833333 0.002778238833 0.002778238833 1 
5.3925 51865817.28 42682453.84 3 
5.424166667 0 0 0 
5.455833333 4877.965586 5733.818709 2 
5.4875 26803788.13 32827802.04 2 
5.519166667 18915.61156 18915.61156 1 
5.550833333 25817511.11 20085495.81 3 
5.5825 182.3155473 182.3155473 1 
5.614166667 29279165.57 18414000.27 3 
5.645833333 1.921277633e-24 1.921277633e-24 1 
5.6775 7.141402772e-16 7.141402772e-16 1 
5.709166667 20692761.19 25343353.14 2 
5.740833333 0 0 0 
5.7725 0 0 0 
5.804166667 14414.3008 15976.14774 4 
5.835833333 5420578.397 5420578.397 1 
5.8675 6428800.446 7873640.376 2 
5.899166667 1808540.273 2088313.757 3 
5.930833333 16826378.83 19429389.88 3 
5.9625 38454.7214 38454.7214 1 
5.994166667 47138675.55 29434127.35 5 
6.025833333 22870719.65 16244792.54 5 
6.0575 733543.9558 898404.1978 2 
6.089166667 7683829.68 9408856.86 2 
6.120833333 0 0 0 
6.1525 8839331.47 8839331.47 1 
6.184166667 761644.3927 761644.3927 1 
6.215833333 1.449260221e-10 1.449260221e-10 1 
6.2475 6.830904378e-24 6.830904378e-24 1 
6.279166667 0.3429299833 0.4200017383 2 
6.310833333 0 0 0 
6.3425 0.02348743447 0.02348743447 1 
6.374166667 0 0 0 
6.405833333 14180156.68 17367074.18 2 
6.4375 0 0 0 
6.469166667 3.537732353e-20 3.537732353e-20 1 
6.500833333 0 0 0 
6.5325 35817.64625 35817.64625 1 
6.564166667 0 0 0 
6.595833333 0 0 0 
6.6275 0 0 0 
6.659166667 0 0 0 
6.690833333 1112.094467 1292.087738 2 
6.7225 0 0 0 
6.754166667 0 0 0 
6.785833333 16103.09229 16103.09229 1 
6.8175 0 0 0 
6.849166667 0 0 0 
6.880833333 32469.18429 32469.18429 1 
6.9125 0 0 0 
6.944166667 0 0 0 
6.975833333 8082.037027 8082.037027 1 
7.0075 0 0 0 
7.039166667 0.008309353634 0.008309353634 1 
7.070833333 0 0 0 
7.1025 0 0 0 
7.134166667 5105864.039 4356625.486 3 
7.165833333 0 0 0 
7.1975 16.21201982 19.85558814 2 
7.229166667 0 0 0 
7.260833333 0 0 0 
7.2925 2.881443608e-18 2.881443608e-18 1 
7.324166667 0 0 0 
7.355833333 0 0 0 
7.3875 0 0 0 
7.419166667 0 0 0 
7.450833333 0 0 0 
7.4825 0 0 0 
7.514166667 125.2783254 125.2783254 1 
7.545833333 24.08823645 24.08823645 1 
7.5775 0 0 0 
7.609166667 0 0 0 
7.640833333 0 0 0 
7.6725 0 0 0 
7.704166667 5.140274313e-19 5.140274313e-19 1 
7.735833333 0 0 0 
7.7675 0 0 0 
7.799166667 2649464.196 2649464.196 1 
7.830833333 0 0 0 
7.8625 0 0 0 
7.894166667 0 0 0 
7.925833333 0 0 0 
7.9575 6.273514114 6.273514114 1 
7.989166667 0 0 0 
8.020833333 0 0 0 
8.0525 273.0702076 273.0702076 1 
8.084166667 0 0 0 
8.115833333 1.023924534e-05 1.023924534e-05 1 
8.1475 0 0 0 
8.179166667 0 0 0 
8.210833333 0 0 0 
8.2425 0 0 0 
8.274166667 0 0 0 
8.305833333 0 0 0 
8.3375 0 0 0 
8.369166667 0.0001951328318 0.0001951328318 1 
8.400833333 367394.8768 367394.8768 1 
8.4325 0 0 0 
8.464166667 0 0 0 
8.495833333 0 0 0 
8.5275 0 0 0 
8.559166667 0 0 0 
8.590833333 0 0 0 
8.6225 0 0 0 
8.654166667 3.932063975 4.809165206 2 
8.685833333 0 0 0 
8.7175 0 0 0 
8.749166667 0 0 0 
8.780833333 3.640767143e-05 3.640767143e-05 1 
8.8125 0 0 0 
8.844166667 0 0 0 
8.875833333 0 0 0 
8.9075 0 0 0 
8.939166667 0 0 0 
8.970833333 0 0 0 
9.0025 0 0 0 
9.034166667 0 0 0 
9.065833333 0 0 0 
9.0975 0 0 0 
9.129166667 0 0 0 
9.160833333 0 0 0 
9.1925 0 0 0 
9.224166667 0 0 0 
9.255833333 0 0 0 
9.2875 0 0 0 
9.319166667 0 0 0 
9.350833333 0 0 0 
9.3825 0 0 0 
9.414166667 0 0 0 
9.445833333 0 0 0 
9.4775 0 0 0 
9.509166667 0 0 0 
9.540833333 0 0 0 
9.5725 0 0 0 
9.604166667 0 0 0 
9.635833333 0 0 0 
9.6675 0 0 0 
9.699166667 0 0 0 
9.730833333 0 0 0 
9.7625 0 0 0 
9.794166667 0 0 0 
9.825833333 0 0 0 
9.8575 0 0 0 
9.889166667 0 0 0 
9.920833333 0 0 0 
9.9525 0 0 0 
9.984166667 0 0 0 
