# Format: McCode with text headers
# URL: http://www.mccode.org
# Creator:  3.99.99, git
# Instrument: ODIN_baseline.instr
# Ncount: 10000000
# Trace: no
# Gravitation: no
# Seed: 1000
# Directory: ODIN_baseline_10xMPI_1e8_seed_1000
# Nodes: 10
# Param: l_min=1
# Param: l_max=11
# Param: n_pulses=1
# Param: wfm_delta=0.3
# Param: bp_frequency=7
# Param: WFM1_phase_offset=0
# Param: jitter_wfmc_1=0
# Param: WFM2_phase_offset=0
# Param: jitter_wfmc_2=0
# Param: fo1_phase_offset=0
# Param: jitter_fo_chopper_1=0
# Param: bp1_phase_offset=0
# Param: jitter_bp1=0
# Param: fo2_phase_offset=0
# Param: jitter_fo_chopper_2=0
# Param: bp2_phase_offset=0
# Param: jitter_bp2=0
# Param: t0_phase_offset=0
# Param: jit_t0_sec=0
# Param: fo3_phase_offset=0
# Param: jitter_fo_chopper_3=0
# Param: fo4_phase_offset=0
# Param: jitter_fo_chopper_4=0
# Param: fo5_phase_offset=0
# Param: jitter_fo_chopper_5=0
# Param: choppers=2
# Date: Thu Feb 26 14:54:04 2026 (1772114044)
# type: array_1d(300)
# Source: ODIN_baseline (ODIN_baseline.instr)
# component: profile_x
# position: 0.026 0 60.5
# title: x [m] monitor
# Ncount: 100000000
# filename: profile_x.dat
# statistics: X0=-0.00439781; dX=0.0782353;
# signal: Min=1.65241e+06; Max=4.96845e+06; Mean=3.05557e+06;
# values: 9.16671e+08 5.03405e+06 100753
# xvar: x
# yvar: (I,I_err)
# xlabel: x [m]
# ylabel: Intensity [n/s/bin]
# xlimits: -0.15 0.15
# variables: x I I_err N
-0.1495 1939204.281 229961.4283 224 
-0.1485 2180516.421 232658.3945 256 
-0.1475 1906899.53 232635.215 235 
-0.1465 2508570.339 283519.9705 260 
-0.1455 2616777.456 280517.7492 256 
-0.1445 2175386.673 247472.3346 241 
-0.1435 1668561.401 191223.8802 206 
-0.1425 1968344.368 220436.641 234 
-0.1415 2091953.287 215102.7967 244 
-0.1405 2236374.808 253069.6539 260 
-0.1395 1957865.044 229798.6681 236 
-0.1385 2063985.566 232479.1236 234 
-0.1375 2813155.867 273608.8162 265 
-0.1365 2514055.378 260671.5147 279 
-0.1355 2331757.558 261370.2119 251 
-0.1345 2625448.936 258980.7594 273 
-0.1335 2118677.044 245953.8275 240 
-0.1325 2332480.287 232239.9459 258 
-0.1315 2064168.95 234112.2686 237 
-0.1305 2510125.49 264467.5032 279 
-0.1295 2385061.343 243547.28 277 
-0.1285 2148280.821 250849.4641 231 
-0.1275 2998575.797 308366.8195 265 
-0.1265 2179155.717 243208.049 255 
-0.1255 2186707.573 237320.2225 252 
-0.1245 2148879.91 227740.6128 238 
-0.1235 2326025.565 230957.3442 310 
-0.1225 2203932.537 237557.8107 267 
-0.1215 2600557.013 272038.6929 255 
-0.1205 2282476.481 245383.6974 274 
-0.1195 2674040.397 277507.0655 275 
-0.1185 2671844.495 281732.5296 284 
-0.1175 2664488.09 276768.8383 292 
-0.1165 2422282.147 260456.7109 246 
-0.1155 2658958.715 273257.3977 265 
-0.1145 2517179.357 250832.2818 266 
-0.1135 2767614.512 282528.5901 281 
-0.1125 2790339.283 278071.2348 306 
-0.1115 2369444.721 244575.8732 281 
-0.1105 2782117.966 277575.119 304 
-0.1095 2763857.313 270019.8703 302 
-0.1085 2261598.567 241933.7837 279 
-0.1075 2494915.181 246420.7349 286 
-0.1065 2892358.903 294301.3134 272 
-0.1055 2443841.223 260874.6388 286 
-0.1045 2878062.459 277746.1956 309 
-0.1035 2343581.697 239922.6914 268 
-0.1025 2871955.01 286607.1629 305 
-0.1015 3194734.329 306689.0308 294 
-0.1005 2807403.969 290774.3859 274 
-0.0995 3009240.731 295658.252 284 
-0.0985 2909457.393 299150.8379 284 
-0.0975 2833600.116 287874.6992 305 
-0.0965 3296851.726 298190.8762 349 
-0.0955 2971962.885 280024.0595 303 
-0.0945 3006512.046 289777.4264 339 
-0.0935 2927165.11 286799.7462 296 
-0.0925 2809509.584 289603.0052 309 
-0.0915 2532633.527 256630.2262 290 
-0.0905 2849400.77 280790.0346 341 
-0.0895 3064242.721 302291.5578 317 
-0.0885 3410302.458 307253.6921 330 
-0.0875 2775075.635 266927.972 312 
-0.0865 2686427.964 265590.8573 324 
-0.0855 3506177.966 333248.9407 327 
-0.0845 3000929.858 296690.146 313 
-0.0835 3086141.279 295445.2589 318 
-0.0825 3505216.867 328275.8537 326 
-0.0815 3040992.595 297610.3823 290 
-0.0805 2928539.975 288724.7022 323 
-0.0795 2840195.601 264413.4917 322 
-0.0785 3231119.983 304569.4182 320 
-0.0775 2868617.561 282450.8087 302 
-0.0765 3273120.569 299647.0562 344 
-0.0755 3503752.839 324921.7982 356 
-0.0745 3923188.29 351789.0264 382 
-0.0735 3088163.68 299956.3576 331 
-0.0725 3752642.533 330942.9262 343 
-0.0715 3590258.547 303251.5111 383 
-0.0705 3955817.838 347305.4636 374 
-0.0695 3258904.22 303979.7343 348 
-0.0685 3352700.904 313398.4903 349 
-0.0675 3693610.13 321874.0505 371 
-0.0665 4968453.632 402867.2496 410 
-0.0655 3475611.823 314436.6481 377 
-0.0645 3850465.409 327689.1358 378 
-0.0635 4010403.61 343427.0785 394 
-0.0625 4091678.245 351627.9391 404 
-0.0615 3632309.019 324415.7162 357 
-0.0605 4354126.724 365844.7483 383 
-0.0595 4251840.281 368883.1649 389 
-0.0585 3901760.768 329111.8865 361 
-0.0575 3839116.707 321989.6999 391 
-0.0565 3793560.08 312053.3189 416 
-0.0555 3583775.666 306480.713 363 
-0.0545 3820766.03 333517.1329 370 
-0.0535 4486512.237 368376.8959 422 
-0.0525 3758793.354 325790.7865 363 
-0.0515 4172192.48 343934.3513 388 
-0.0505 4109910.007 347490.6112 410 
-0.0495 4391577.792 356569.6668 397 
-0.0485 4084657.885 331991.467 421 
-0.0475 3402967.728 310590.3093 375 
-0.0465 3703227.424 313740.0582 415 
-0.0455 4110197.668 337752.0453 434 
-0.0445 3372610.533 309838.2941 367 
-0.0435 3805147.067 318756.7855 392 
-0.0425 4244417.225 361513.4471 385 
-0.0415 3750097.176 327967.427 365 
-0.0405 4100133.239 357159.1395 397 
-0.0395 4143124.191 362477.2301 396 
-0.0385 4030882.562 355314.1042 392 
-0.0375 3254023.431 286946.0416 387 
-0.0365 3754896.594 338386.2312 389 
-0.0355 3650353.954 321910.6697 386 
-0.0345 3379100.811 299089.7122 395 
-0.0335 3921150.591 342948.0335 412 
-0.0325 3429502.816 295570.3307 417 
-0.0315 4283878.626 368932.85 405 
-0.0305 3969823.428 349677.0039 377 
-0.0295 3161020.599 293692.1592 352 
-0.0285 4522425.166 363258.5056 454 
-0.0275 3594753.024 299168.5758 448 
-0.0265 3688339.995 319470.0768 426 
-0.0255 4207957.063 360220.5608 428 
-0.0245 3961506.545 345547.2872 404 
-0.0235 3711560.252 317012.6368 427 
-0.0225 3203574.873 302109.8426 381 
-0.0215 3453891.615 306578.7795 403 
-0.0205 4127565.582 353198.2505 397 
-0.0195 3527506.626 322600.1938 394 
-0.0185 3396391.783 300066.3086 386 
-0.0175 3822980.805 344592.0302 391 
-0.0165 3426363.34 305757.5156 388 
-0.0155 3888962.037 342966.3547 396 
-0.0145 3831340.099 343483.4709 381 
-0.0135 3692639.926 309414.9758 434 
-0.0125 3933171.355 344930.7094 400 
-0.0115 3322134.89 307171.0995 370 
-0.0105 4054945.936 342743.6182 441 
-0.0095 4039632.088 352350.8463 399 
-0.0085 3562478.582 323288.4947 416 
-0.0075 4410739.608 357596.1653 464 
-0.0065 3336682.807 292086.7845 406 
-0.0055 3774270.673 333043.9635 387 
-0.0045 4066674.941 354216.439 408 
-0.0035 4104367.159 343630.5224 442 
-0.0025 3784696.76 328610.3109 402 
-0.0015 3562758.489 306350.0372 407 
-0.0005 4181717.306 345325.6033 429 
0.0005 4416372.757 368892.3882 419 
0.0015 3515780.961 317032.8234 407 
0.0025 3499412.899 313892.5145 399 
0.0035 3644543.932 312987.8681 425 
0.0045 3911027.859 341962.0524 446 
0.0055 3485397.064 326411.5263 384 
0.0065 3571306.215 321096.4828 396 
0.0075 3481057.619 322680.9758 387 
0.0085 3201442.082 290005.0821 369 
0.0095 3474465.119 316613.9201 367 
0.0105 3869118.716 329522.0375 399 
0.0115 4043007.065 353718.7502 397 
0.0125 3525945.171 326336.0362 373 
0.0135 3172295.014 287650.6835 392 
0.0145 3567090.322 305122.8395 389 
0.0155 3859918.377 334924.0293 430 
0.0165 3084318.366 291442.6155 360 
0.0175 3539669.841 308464.0545 401 
0.0185 3378535.183 292334.81 403 
0.0195 3969382.835 327681.4839 454 
0.0205 3911275.803 336496.1976 413 
0.0215 3743501.48 314100.7261 429 
0.0225 3235243.874 293624.3036 368 
0.0235 3673660.514 327942.7488 387 
0.0245 3582167.37 328224.9066 380 
0.0255 3593982.717 315660.146 379 
0.0265 4398332.964 354815.1415 439 
0.0275 3613247.8 310026.6111 426 
0.0285 3729366.41 322580.5472 386 
0.0295 3422681.856 312580.4078 393 
0.0305 3662973.966 328720.7726 406 
0.0315 3530798.443 314499.8005 397 
0.0325 3847418.713 341588.8717 400 
0.0335 3305088.935 301996.7871 361 
0.0345 3831754.09 329389.307 379 
0.0355 3576025.433 315107.4524 388 
0.0365 3696528.468 318036.5577 397 
0.0375 3350175.892 291936.9797 376 
0.0385 3276737.402 289755.252 388 
0.0395 3784100.165 342463.3459 397 
0.0405 3361776.746 309600.5041 388 
0.0415 3377303.105 314564.06 367 
0.0425 3641798.411 312137.9336 398 
0.0435 3300011.429 296441.3955 390 
0.0445 3688328.46 315795.4661 398 
0.0455 3429188.183 302898.4235 387 
0.0465 3502477.203 323576.0856 363 
0.0475 3637313.504 317705.3874 391 
0.0485 3318294.864 303516.9007 364 
0.0495 3301961.686 299305.4666 395 
0.0505 3427185.7 310494.7062 381 
0.0515 3068853.047 287120.6205 377 
0.0525 3050117.102 263567.3937 397 
0.0535 3446806.607 317675.7607 353 
0.0545 3445140.022 294672.8848 372 
0.0555 3979169.264 340864.9063 375 
0.0565 3140827.048 281306.3903 366 
0.0575 3322601.54 297672.0725 362 
0.0585 3296531.361 302244.5367 390 
0.0595 3296863.386 291249.0164 380 
0.0605 3648730.84 322957.9197 355 
0.0615 2826040.735 267452.9964 328 
0.0625 2864783.437 255960.811 355 
0.0635 3512410.628 309957.1227 357 
0.0645 3000433.852 273324.5275 347 
0.0655 3475445.696 322423.0445 352 
0.0665 3543808.718 317829.9626 376 
0.0675 2846462.269 279067.8385 322 
0.0685 3137132.415 280184.8104 351 
0.0695 2575930.648 245374.4043 343 
0.0705 3100553.065 294177.4337 336 
0.0715 2717015.744 260005.276 326 
0.0725 2767491.965 275850.4839 341 
0.0735 3153206.634 283793.3096 362 
0.0745 3405531.608 310146.6246 331 
0.0755 3023790.029 275533.1336 369 
0.0765 3449462.96 310027.8492 393 
0.0775 2900944.411 275234.9575 331 
0.0785 2393551.906 244599.5276 287 
0.0795 2287532.449 240647.9212 309 
0.0805 3015021.754 294644.1943 312 
0.0815 2652478.199 265981.6889 308 
0.0825 2561809.922 261817.322 322 
0.0835 2561784.153 256845.5446 325 
0.0845 2705753.831 252744.5873 322 
0.0855 2478815.595 231424.3708 331 
0.0865 2892004.452 265392.2859 331 
0.0875 2788876.258 282900.9553 303 
0.0885 2689830.094 277874.7696 294 
0.0895 2542135.677 249937.467 344 
0.0905 2785197.693 268398.0877 322 
0.0915 2420891.895 247569.9828 295 
0.0925 2978614.992 295971.7447 305 
0.0935 2187995.565 238850.1658 280 
0.0945 2160080.664 228732.7121 303 
0.0955 2788112.8 278161.462 281 
0.0965 2646262.947 255998.3277 305 
0.0975 2929916.98 282589.0382 319 
0.0985 2906529.248 287388.8696 319 
0.0995 2778866.115 282049.888 305 
0.1005 2186025.719 225967.4717 279 
0.1015 2633336.646 277668.1472 282 
0.1025 2688437.611 258410.6538 337 
0.1035 2567839.273 275113.7997 291 
0.1045 2430007.373 242529.5808 303 
0.1055 2175987.975 222546.8832 292 
0.1065 2187702.636 234613.5053 263 
0.1075 1920391.87 212599.293 265 
0.1085 2449403.184 255217.4556 303 
0.1095 2834396.963 298285.0252 294 
0.1105 2191590.296 233586.214 279 
0.1115 2247712.895 227335.8715 288 
0.1125 2161027.829 239759.7729 279 
0.1135 1885615.742 203109.7589 268 
0.1145 2127613.139 239367.2526 279 
0.1155 2275002.925 238747.1857 307 
0.1165 2401972.301 251669.2812 289 
0.1175 2379409.305 254454.0385 283 
0.1185 1797269.6 209506.9903 247 
0.1195 2427308.975 240235.203 296 
0.1205 2070308.305 224168.4007 274 
0.1215 1712674.256 207067.7032 257 
0.1225 1937996.493 223330.4368 249 
0.1235 1747304.912 192252.8453 255 
0.1245 2173606.923 244060.2757 262 
0.1255 1895641.208 218031.3114 259 
0.1265 2204957.133 233911.1007 268 
0.1275 1898068.77 207508.5407 249 
0.1285 2480926.546 257860.0674 272 
0.1295 2318554.885 245870.5268 279 
0.1305 1884703.391 215861.4398 247 
0.1315 1837986.51 204742.7973 247 
0.1325 2145016.819 248763.8875 260 
0.1335 2207846.416 238068.1523 270 
0.1345 1686542.434 212710.4768 209 
0.1355 2134886.107 213003.1573 264 
0.1365 1906289.362 221328.3858 268 
0.1375 2082891.184 222914.4611 268 
0.1385 1772628.864 198727.89 237 
0.1395 2109601.399 220008.8553 282 
0.1405 1884125.125 227459.0766 227 
0.1415 2035979.895 233704.1554 271 
0.1425 2134046.859 234389.4537 260 
0.1435 2367887.018 251476.3226 270 
0.1445 1836441.595 210875.3294 245 
0.1455 1652406.164 193655.1488 231 
0.1465 1826118.564 214817.6176 241 
0.1475 2096736.358 233449.7894 241 
0.1485 1790488.873 217462.7502 233 
0.1495 1687782.118 203449.7459 244 
