# Format: McCode with text headers
# URL: http://www.mccode.org
# Creator:  3.99.99, git
# Instrument: ODIN_baseline.instr
# Ncount: 10000000
# Trace: no
# Gravitation: no
# Seed: 1000
# Directory: ODIN_baseline_10xMPI_1e8_seed_1000
# Nodes: 10
# Param: l_min=1
# Param: l_max=11
# Param: n_pulses=1
# Param: wfm_delta=0.3
# Param: bp_frequency=7
# Param: WFM1_phase_offset=0
# Param: jitter_wfmc_1=0
# Param: WFM2_phase_offset=0
# Param: jitter_wfmc_2=0
# Param: fo1_phase_offset=0
# Param: jitter_fo_chopper_1=0
# Param: bp1_phase_offset=0
# Param: jitter_bp1=0
# Param: fo2_phase_offset=0
# Param: jitter_fo_chopper_2=0
# Param: bp2_phase_offset=0
# Param: jitter_bp2=0
# Param: t0_phase_offset=0
# Param: jit_t0_sec=0
# Param: fo3_phase_offset=0
# Param: jitter_fo_chopper_3=0
# Param: fo4_phase_offset=0
# Param: jitter_fo_chopper_4=0
# Param: fo5_phase_offset=0
# Param: jitter_fo_chopper_5=0
# Param: choppers=2
# Date: Thu Feb 26 14:54:04 2026 (1772114044)
# type: array_1d(300)
# Source: ODIN_baseline (ODIN_baseline.instr)
# component: tof
# position: 0.026 0 60.5
# title: TOF [s] monitor
# Ncount: 100000000
# filename: time.dat
# statistics: X0=0.0557584; dX=0.0222333;
# signal: Min=0; Max=1.45069e+07; Mean=3.05557e+06;
# values: 9.16671e+08 5.03405e+06 100753
# xvar: t
# yvar: (I,I_err)
# xlabel: TOF [s]
# ylabel: Intensity [n/s/bin]
# xlimits: 0 0.15
# variables: t I I_err N
0.00025 0 0 0 
0.00075 0 0 0 
0.00125 0 0 0 
0.00175 0 0 0 
0.00225 0 0 0 
0.00275 0 0 0 
0.00325 0 0 0 
0.00375 0 0 0 
0.00425 0 0 0 
0.00475 0 0 0 
0.00525 0 0 0 
0.00575 0 0 0 
0.00625 0 0 0 
0.00675 0 0 0 
0.00725 0 0 0 
0.00775 0 0 0 
0.00825 0 0 0 
0.00875 0 0 0 
0.00925 0 0 0 
0.00975 0 0 0 
0.01025 0 0 0 
0.01075 0 0 0 
0.01125 0 0 0 
0.01175 0 0 0 
0.01225 0 0 0 
0.01275 0 0 0 
0.01325 0 0 0 
0.01375 0 0 0 
0.01425 0 0 0 
0.01475 0 0 0 
0.01525 0 0 0 
0.01575 0 0 0 
0.01625 0 0 0 
0.01675 0 0 0 
0.01725 0 0 0 
0.01775 0 0 0 
0.01825 273526.9785 111515.6239 28 
0.01875 1257147.151 251698.9922 81 
0.01925 1649512.315 264680.4828 130 
0.01975 3201607.444 381981.3206 191 
0.02025 2764915.208 332939.9039 195 
0.02075 3655097.058 387811.4855 234 
0.02125 4067531.992 407922.9074 230 
0.02175 3234155.895 339299.7784 244 
0.02225 4719596.473 431998.3792 286 
0.02275 5198859.436 439744.9303 331 
0.02325 4669674.281 411780.3625 306 
0.02375 5369647.02 434672.0365 344 
0.02425 5428692.401 430989.7295 362 
0.02475 4761005.501 397699.4251 335 
0.02525 6415112.482 455851.4043 409 
0.02575 5785292.844 428582.2396 377 
0.02625 5770633.69 406018.8562 390 
0.02675 6260506.648 413685.4673 441 
0.02725 5163011.618 372746.4244 380 
0.02775 5606764.443 374626.6195 418 
0.02825 5474697.107 358273.0686 445 
0.02875 5420649.806 346271.4089 432 
0.02925 5689374.926 355252.4066 442 
0.02975 5220792.77 328563.4341 459 
0.03025 5887837.905 346034.0474 465 
0.03075 5536088.648 331152.7451 483 
0.03125 5040284.689 309230.0192 446 
0.03175 5397247.347 321945.6539 494 
0.03225 6429531.809 361492.8868 551 
0.03275 4863461.198 313223.096 473 
0.03325 5819844.859 348595.6338 496 
0.03375 6235882.66 374715.1447 534 
0.03425 6077016.6 379743.5721 510 
0.03475 6858873.442 424323.3445 526 
0.03525 5937217.683 395860.5612 474 
0.03575 6203140.316 420479.0103 480 
0.03625 5787034.316 411662.2531 448 
0.03675 6242467.683 452574.5367 466 
0.03725 5451626.482 425035.2883 408 
0.03775 3928026.672 356229.1647 316 
0.03825 1916479.086 242925.3084 165 
0.03875 1696122.178 234115.5603 118 
0.03925 674535.2794 142550.5893 70 
0.03975 552454.445 132578.8686 49 
0.04025 552965.3485 138514.6022 63 
0.04075 1363340.732 244181.2189 108 
0.04125 2868423.036 389254.3365 176 
0.04175 5153966.141 535132.9869 257 
0.04225 9234623.348 725842.189 418 
0.04275 12644054.04 840753.1314 546 
0.04325 13701531.86 859825.563 579 
0.04375 11606505.9 772140.8725 569 
0.04425 13022326.95 810398.4116 617 
0.04475 13492057.2 824000.778 583 
0.04525 12955213.82 795173.3059 614 
0.04575 13552189.38 804555.8671 603 
0.04625 13435986.62 791264.0673 608 
0.04675 12532844.41 749222.9555 625 
0.04725 14506859.35 802675.9887 662 
0.04775 12769489.26 739348.8721 630 
0.04825 12216298.25 710303.2588 641 
0.04875 12374765.39 715975.76 591 
0.04925 13049082.32 731247.5028 642 
0.04975 12789647.54 707697.9717 657 
0.05025 12116044.64 684916.3567 614 
0.05075 11123505.9 637320.289 643 
0.05125 11773511.45 656688.2837 638 
0.05175 11598133.38 643000.5449 651 
0.05225 11953733.06 644529.1423 672 
0.05275 10837269.76 602231.6868 632 
0.05325 11135873.89 604465.6608 621 
0.05375 11261928.29 600453.2242 641 
0.05425 10891389.73 578802.4166 636 
0.05475 11031764.24 579963.9186 639 
0.05525 10649688.22 550172.9508 692 
0.05575 8961678.471 500324.5772 611 
0.05625 9196474.661 497386.786 647 
0.05675 8481172.057 469111.4654 606 
0.05725 8345556.142 452919.2063 631 
0.05775 8411602.082 446136.9544 621 
0.05825 7302873.872 404743.8467 579 
0.05875 6651833.28 372455.3808 591 
0.05925 5170871.309 314590.7391 495 
0.05975 3179520.349 228892.0193 362 
0.06025 1857453.532 167450.8613 245 
0.06075 1147285.426 123956.9915 159 
0.06125 780974.004 109520.3557 118 
0.06175 1144073.023 151717.8253 114 
0.06225 2047358.746 216093.8662 172 
0.06275 3044541.625 258799.136 263 
0.06325 5629489.68 354630.4613 424 
0.06375 7149580.543 395002.3017 516 
0.06425 7125821.225 384243.4382 580 
0.06475 7928364.169 402084.901 633 
0.06525 7179369.132 378060.704 594 
0.06575 7052091.599 367769.6084 620 
0.06625 6921054.23 359120.1623 623 
0.06675 7082444.791 361223.9535 628 
0.06725 6121386.991 329645.9799 580 
0.06775 6502264.779 335323.6081 628 
0.06825 6064533.287 320395.7744 603 
0.06875 6158818.95 319924.9979 562 
0.06925 6660986.724 330800.7362 648 
0.06975 5674649.975 298781.1245 594 
0.07025 5318967.826 285530.1225 575 
0.07075 5862488.977 295675.3589 598 
0.07125 5650127.524 287693.4067 619 
0.07175 5772609.224 288405.3106 619 
0.07225 5377324.723 274371.2404 586 
0.07275 4804142.975 254191.9355 565 
0.07325 4926322.323 254034.5561 571 
0.07375 4631896.677 241077.9926 586 
0.07425 4694352.707 238990.025 589 
0.07475 4001479.016 217232.5398 560 
0.07525 4359303.594 224508.1238 583 
0.07575 4479709.508 224783.2983 614 
0.07625 3914982.725 207131.5006 572 
0.07675 3902959.647 204276.7241 540 
0.07725 4113557.783 205031.4997 593 
0.07775 3491962.359 184350.4968 564 
0.07825 3066780.259 169132.1784 519 
0.07875 3162262.099 168038.2473 558 
0.07925 2972560.783 157474.4131 570 
0.07975 2226865.264 132210.0571 458 
0.08025 1312220.782 95045.25669 314 
0.08075 942227.433 79328.38732 222 
0.08125 329919.3562 42192.24611 120 
0.08175 336277.3592 49030.88101 95 
0.08225 445249.0308 61038.44211 121 
0.08275 1082116.015 97635.1953 208 
0.08325 1526219.6 116878.3504 289 
0.08375 2608995.378 152415.9559 453 
0.08425 3090049.725 162578.4188 533 
0.08475 3005933.526 159581.0881 534 
0.08525 3148202.945 160865.5109 560 
0.08575 3104624.701 159483.8153 563 
0.08625 2977217.352 154646.5518 546 
0.08675 3027931.03 152559.888 560 
0.08725 2614161.355 140087.707 526 
0.08775 2734812.871 142440.3482 575 
0.08825 2733026.92 140247.8474 548 
0.08875 2666518.265 137693.3215 556 
0.08925 2582774.68 134027.4579 532 
0.08975 2592498.332 131858.7311 560 
0.09025 2274956.042 122299.9527 548 
0.09075 2471428.059 126261.9242 554 
0.09125 2334475.716 121310.8015 535 
0.09175 2126752.722 114538.5918 518 
0.09225 2168148.984 114415.2192 531 
0.09275 1799593.455 101874.2951 475 
0.09325 1823592.805 102191.7605 481 
0.09375 1803276.459 100900.3799 481 
0.09425 1863603.889 99802.67246 526 
0.09475 1685986.135 94298.77036 474 
0.09525 1516520.374 87400.15141 452 
0.09575 1662940.341 90825.49312 499 
0.09625 1662242.888 89559.6836 506 
0.09675 1529058.916 84685.37481 464 
0.09725 1505993.279 82261.24471 489 
0.09775 1400138.875 77354.02213 484 
0.09825 1298892.856 72563.6445 480 
0.09875 904728.1385 59037.80204 358 
0.09925 645954.3466 48578.26296 255 
0.09975 338923.3015 33193.23475 153 
0.10025 150198.3383 21523.68203 89 
0.10075 110260.1737 20808.41476 54 
0.10125 262763.9135 33093.19936 124 
0.10175 534377.8476 47470.75372 200 
0.10225 885667.5469 61634.78303 319 
0.10275 1194757.415 71250.95009 400 
0.10325 1338854.978 75081.8005 466 
0.10375 1289850.211 72685.18295 459 
0.10425 1331862.477 73068.51651 470 
0.10475 1326555.007 72355.29834 471 
0.10525 1213346.499 68164.05555 462 
0.10575 1165802.072 66407.59781 437 
0.10625 1149491.66 65329.94475 452 
0.10675 1166246.496 65211.41327 458 
0.10725 1082397.37 62180.01338 437 
0.10775 1067967.698 61251.17271 454 
0.10825 1019006.004 58793.95407 441 
0.10875 960666.4614 57040.26499 432 
0.10925 960775.415 55793.72258 441 
0.10975 1022109.433 57327.76634 469 
0.11025 907172.7514 53515.72757 415 
0.11075 861628.6316 51486.15397 414 
0.11125 870357.1883 51422.81564 419 
0.11175 833060.1815 49661.09961 402 
0.11225 852982.61 49782.51702 394 
0.11275 788622.7004 47128.61802 417 
0.11325 767824.0483 45815.00162 415 
0.11375 794999.9688 45859.27903 441 
0.11425 792042.5669 45137.82623 445 
0.11475 636634.4459 40169.31025 365 
0.11525 642429.2742 39489.19212 396 
0.11575 666369.9286 39376.05363 412 
0.11625 458056.2316 31875.16342 306 
0.11675 370348.9759 28060.83168 228 
0.11725 226756.3749 21517.48102 141 
0.11775 84945.82438 11944.19413 80 
0.11825 16735.46813 5372.863614 18 
0.11875 55346.135 11202.73017 37 
0.11925 110618.5284 16141.56193 76 
0.11975 262985.6836 24922.83416 175 
0.12025 405901.8238 31286.3945 247 
0.12075 554310.8682 36206.51785 341 
0.12125 496381.7275 33505.89934 340 
0.12175 574685.6263 35805.86421 373 
0.12225 516280.6956 33491.74037 358 
0.12275 556455.5803 34431.69922 385 
0.12325 546476.5074 34125.1896 378 
0.12375 528551.298 33091.33954 365 
0.12425 534760.8236 33032.36377 385 
0.12475 503611.5771 31703.95993 356 
0.12525 555313.0534 32787.06814 407 
0.12575 518473.0714 31456.96518 363 
0.12625 521785.1651 31307.81819 409 
0.12675 451898.678 28657.42421 381 
0.12725 416921.5882 27147.26596 351 
0.12775 455870.9338 28176.59458 372 
0.12825 424518.3454 27122.03741 351 
0.12875 435482.8589 26936.11536 363 
0.12925 400887.2978 25406.08901 351 
0.12975 457514.1837 26969.32855 400 
0.13025 397965.5506 24942.16874 366 
0.13075 390900.5694 24398.08172 389 
0.13125 411260.2941 24738.26961 405 
0.13175 357463.4642 22464.34263 375 
0.13225 375157.2385 22949.52504 388 
0.13275 378621.9941 22637.97522 397 
0.13325 338960.9652 20991.53793 364 
0.13375 261971.1219 17751.62223 315 
0.13425 225730.5872 16082.95849 269 
0.13475 151265.3529 12768.11017 185 
0.13525 77332.01988 8569.260473 117 
0.13575 36229.3616 5516.893732 65 
0.13625 7597.417968 2393.406052 16 
0.13675 215.0618493 215.0618493 1 
0.13725 0 0 0 
0.13775 0 0 0 
0.13825 0 0 0 
0.13875 0 0 0 
0.13925 0 0 0 
0.13975 0 0 0 
0.14025 0 0 0 
0.14075 0 0 0 
0.14125 0 0 0 
0.14175 0 0 0 
0.14225 0 0 0 
0.14275 0 0 0 
0.14325 0 0 0 
0.14375 0 0 0 
0.14425 0 0 0 
0.14475 0 0 0 
0.14525 0 0 0 
0.14575 0 0 0 
0.14625 0 0 0 
0.14675 0 0 0 
0.14725 0 0 0 
0.14775 0 0 0 
0.14825 0 0 0 
0.14875 0 0 0 
0.14925 0 0 0 
0.14975 0 0 0 
