# Format: McCode with text headers
# URL: http://www.mccode.org
# Creator:  3.99.99, git
# Instrument: ODIN_baseline.instr
# Ncount: 10000000
# Trace: no
# Gravitation: no
# Seed: 1000
# Directory: ODIN_baseline_10xMPI_1e8_seed_1000
# Nodes: 10
# Param: l_min=1
# Param: l_max=11
# Param: n_pulses=1
# Param: wfm_delta=0.3
# Param: bp_frequency=7
# Param: WFM1_phase_offset=0
# Param: jitter_wfmc_1=0
# Param: WFM2_phase_offset=0
# Param: jitter_wfmc_2=0
# Param: fo1_phase_offset=0
# Param: jitter_fo_chopper_1=0
# Param: bp1_phase_offset=0
# Param: jitter_bp1=0
# Param: fo2_phase_offset=0
# Param: jitter_fo_chopper_2=0
# Param: bp2_phase_offset=0
# Param: jitter_bp2=0
# Param: t0_phase_offset=0
# Param: jit_t0_sec=0
# Param: fo3_phase_offset=0
# Param: jitter_fo_chopper_3=0
# Param: fo4_phase_offset=0
# Param: jitter_fo_chopper_4=0
# Param: fo5_phase_offset=0
# Param: jitter_fo_chopper_5=0
# Param: choppers=2
# Date: Thu Feb 26 14:54:04 2026 (1772114044)
# type: array_1d(300)
# Source: ODIN_baseline (ODIN_baseline.instr)
# component: wavelength
# position: 0.026 0 60.5
# title: Wavelength [Angs] monitor
# Ncount: 100000000
# filename: wavelength.dat
# statistics: X0=3.53648; dX=1.45879;
# signal: Min=0; Max=1.20393e+07; Mean=3.05557e+06;
# values: 9.16671e+08 5.03405e+06 100753
# xvar: L
# yvar: (I,I_err)
# xlabel: Wavelength [Angs]
# ylabel: Intensity [n/s/bin]
# xlimits: 0.5 10
# variables: L I I_err N
0.5158333333 0 0 0 
0.5475 0 0 0 
0.5791666667 0 0 0 
0.6108333333 0 0 0 
0.6425 0 0 0 
0.6741666667 0 0 0 
0.7058333333 0 0 0 
0.7375 0 0 0 
0.7691666667 0 0 0 
0.8008333333 0 0 0 
0.8325 0 0 0 
0.8641666667 0 0 0 
0.8958333333 0 0 0 
0.9275 0 0 0 
0.9591666667 0 0 0 
0.9908333333 43527.11492 34299.87136 6 
1.0225 582367.4809 164552.8661 52 
1.054166667 1375829.629 264881.5946 87 
1.085833333 1855202.181 290612.4221 122 
1.1175 2620293.158 335380.4524 172 
1.149166667 2529356.303 324885.8063 168 
1.180833333 2593155.93 319714.8572 191 
1.2125 3582981.076 381997.3105 202 
1.244166667 3269895.975 350862.3848 218 
1.275833333 3282965.405 349651.9914 209 
1.3075 3992966.782 398951.7947 259 
1.339166667 4628588.536 418056.4482 276 
1.370833333 3879955.754 368427.8746 270 
1.4025 4096461.346 380042.4555 284 
1.434166667 5103893.513 429813.7439 294 
1.465833333 4418512.913 386712.8985 305 
1.4975 4374408.174 374152.562 319 
1.529166667 5202305.807 405178.7363 341 
1.560833333 5326891.668 412886.1029 328 
1.5925 4883367.412 373290.8297 339 
1.624166667 5494526.544 386797.6464 377 
1.655833333 4666538.638 356348.26 351 
1.6875 4897101.408 357921.3203 345 
1.719166667 4149516.107 318837.1436 331 
1.750833333 4901820.845 337097.0587 392 
1.7825 4749499.989 321709.4994 376 
1.814166667 4792129.128 326735.6527 372 
1.845833333 4397883.456 303589.3327 384 
1.8775 5117214.372 323935.141 403 
1.909166667 4750374.691 310105.4807 403 
1.940833333 4698864.93 300534.2122 421 
1.9725 4372228.455 290268.9498 382 
2.004166667 4714709.702 299877.9685 426 
2.035833333 5371164.028 333584.7295 459 
2.0675 4229240.633 288493.1538 411 
2.099166667 4643136.881 305804.8446 417 
2.130833333 5198121.813 340398.9554 445 
2.1625 5497703.857 351308.7545 470 
2.194166667 5026383.603 343149.1398 419 
2.225833333 6093044.998 409553.7188 445 
2.2575 5185185.07 372568.0304 411 
2.289166667 5412884.32 386995.4598 427 
2.320833333 5031109.016 384752.6111 368 
2.3525 4977434.116 396166.0904 397 
2.384166667 5261622.434 411151.4872 401 
2.415833333 4887265.065 408911.0728 362 
2.4475 3504595.551 329703.0576 319 
2.479166667 3033696.423 336640.6345 244 
2.510833333 3922740.57 414765.5701 264 
2.5425 5250987.192 525371.1405 281 
2.574166667 7081355.542 621788.6006 361 
2.605833333 9642181.309 736105.164 429 
2.6375 10922054.66 777112.3918 486 
2.669166667 11341653.42 778338.0018 486 
2.700833333 10322553.3 729894.2737 493 
2.7325 11450858.03 759671.8972 522 
2.764166667 11159839.24 750487.2904 501 
2.795833333 11722650.69 757188.2401 540 
2.8275 10996259 729806.2219 501 
2.859166667 11770678.42 744067.3905 519 
2.890833333 11368000.66 730922.8346 528 
2.9225 11085006.13 702888.9256 550 
2.954166667 11910761.71 725263.3941 542 
2.985833333 10738868.81 680735.7496 538 
3.0175 10474120.26 660654.1154 557 
3.049166667 10932938.28 673890.7758 527 
3.080833333 10275116.11 648820.8777 512 
3.1125 12039258.15 701657.4766 570 
3.144166667 10523115.96 639228.92 563 
3.175833333 10442474.26 637150.9566 521 
3.2075 10073425.93 612427.0569 550 
3.239166667 9414263.367 583661.1657 547 
3.270833333 10344092.35 614025.9938 547 
3.3025 9786852.889 585761.5579 572 
3.334166667 10138794.6 591396.4902 565 
3.365833333 8854944.227 542262.039 527 
3.3975 10105703.49 577943.0052 555 
3.429166667 9726597.999 560299.8005 540 
3.460833333 9239554.4 537291.8398 527 
3.4925 9633828.649 540175.0234 572 
3.524166667 9256162.7 526510.0663 558 
3.555833333 8638078.4 492814.2094 576 
3.5875 7460129.799 455193.8161 517 
3.619166667 7969445.748 464351.7784 550 
3.650833333 7124427.062 430681.6747 515 
3.6825 7426131.772 431297.8377 565 
3.714166667 7531115.201 428339.1009 535 
3.745833333 6727035.04 394049.3634 520 
3.7775 6186295.179 369818.401 501 
3.809166667 5666311.761 342130.0102 529 
3.840833333 5210493.445 316086.7135 496 
3.8725 4334431.778 284494.8675 443 
3.904166667 4168102.308 281457.435 433 
3.935833333 4673792.382 306365.4014 452 
3.9675 6156288.247 360822.4876 498 
3.999166667 6328970.733 366567.6595 493 
4.030833333 6088987.981 355267.3562 511 
4.0625 6874777.839 375225.4015 518 
4.094166667 6229158.294 354381.2532 514 
4.125833333 6031152.944 343794.1901 526 
4.1575 5921069.622 334351.0473 541 
4.189166667 5953471.833 333088.9993 515 
4.220833333 6312465.314 340996.2389 567 
4.2525 5265338.317 305527.272 494 
4.284166667 5205808.213 300987.3316 497 
4.315833333 5286383.029 299826.5739 544 
4.3475 5510369.318 304693.2048 511 
4.379166667 5243183.494 294075.4204 490 
4.410833333 5770366.468 308355.3585 557 
4.4425 4673248.207 268274.5055 519 
4.474166667 4636352.367 267689.6557 481 
4.505833333 4844705.719 270043.5525 504 
4.5375 5085321.115 273539.5713 531 
4.569166667 4882406.34 266862.503 540 
4.600833333 4770980.489 260045.255 507 
4.6325 4352059.134 246713.4093 496 
4.664166667 4190416.486 237271.6571 486 
4.695833333 4227907.54 235194.0263 494 
4.7275 4188215.08 230816.023 507 
4.759166667 3802808.774 215550.9831 485 
4.790833333 3944718.293 219481.7979 506 
4.8225 3403635.149 198993.016 500 
4.854166667 3811505.315 209935.2473 508 
4.885833333 3738954.412 204896.5974 540 
4.9175 3524853.602 196472.7106 504 
4.949166667 3084843.098 182371.901 470 
4.980833333 3706384.218 196227.6456 534 
5.0125 3090442.203 175615.3833 500 
5.044166667 2999661.328 170364.1475 497 
5.075833333 2583614.883 154443.6709 432 
5.1075 2669298.186 154931.235 473 
5.139166667 2669816.33 149081.5188 502 
5.170833333 2249757.894 133601.6732 451 
5.2025 1849472.59 118071.2265 414 
5.234166667 1971905.235 123128.5351 394 
5.265833333 2039276.136 130753.671 390 
5.2975 2223335.969 136978.1111 437 
5.329166667 2435886.416 144351.3431 426 
5.360833333 2627497.991 148702.2004 468 
5.3925 2562344.038 146693.2458 466 
5.424166667 2760936.235 150694.2302 491 
5.455833333 2618092.998 146621.7994 468 
5.4875 2387506.561 138101.4341 447 
5.519166667 2792114.465 147928.6129 494 
5.550833333 2409568.367 135218.9617 473 
5.5825 2187680.918 128413.4409 449 
5.614166667 2340281.394 131211.6748 489 
5.645833333 2448269.535 132060.636 500 
5.6775 2239889.693 126701.2755 461 
5.709166667 2318519.5 127441.6217 465 
5.740833333 2049947.284 117293.5112 449 
5.7725 2041885.814 116258.9886 464 
5.804166667 2058677.019 116302.677 485 
5.835833333 2186863.871 118266.8277 485 
5.8675 1897791.815 109829.3781 448 
5.899166667 1778327.746 104071.1322 440 
5.930833333 1798287.871 104271.6916 445 
5.9625 1707150.487 100535.4276 424 
5.994166667 1557738.401 94222.83813 410 
6.025833333 1615562.282 96090.21595 414 
6.0575 1623515.102 95137.03766 436 
6.089166667 1489526.015 89388.07257 442 
6.120833333 1483553.296 88116.64828 421 
6.1525 1355469.224 83153.54662 399 
6.184166667 1299718.38 80304.13594 417 
6.215833333 1404330.283 82911.49779 429 
6.2475 1471559.319 83771.43237 449 
6.279166667 1266704.038 77058.52208 385 
6.310833333 1252218.436 74595.35237 426 
6.3425 1242951.573 73037.77172 412 
6.374166667 1041592.9 65583.01931 384 
6.405833333 1049415.407 64068.06143 399 
6.4375 851104.0729 57101.95982 338 
6.469166667 805771.6584 55801.16495 325 
6.500833333 876081.2807 58817.27199 321 
6.5325 991191.386 63834.62261 379 
6.564166667 1054858.604 66321.05708 376 
6.595833333 1106173.261 67913.04485 393 
6.6275 1085970.54 66941.0902 374 
6.659166667 1105619.422 66764.533 406 
6.690833333 1184933.818 68807.0058 406 
6.7225 1107352.925 65454.39727 399 
6.754166667 997502.285 61614.04754 389 
6.785833333 966776.2263 60450.4771 373 
6.8175 1041359.91 62001.28974 399 
6.849166667 998971.7159 60706.49834 397 
6.880833333 909425.5227 57132.44305 360 
6.9125 965229.9795 58398.49346 393 
6.944166667 829295.7103 53277.47603 363 
6.975833333 877970.3115 54663.47441 387 
7.0075 813526.1775 52246.04565 375 
7.039166667 836082.6042 52207.23513 376 
7.070833333 919674.5152 54367.55767 412 
7.1025 747085.3171 48710.93268 349 
7.134166667 779477.8406 49134.90579 370 
7.165833333 710110.5431 46543.39096 343 
7.1975 745884.6731 47293.31306 362 
7.229166667 715581.4295 46161.61738 338 
7.260833333 721475.4099 45678.44353 337 
7.2925 704227.2094 44486.30295 370 
7.324166667 686566.7494 43520.75658 376 
7.355833333 640078.7884 41531.21061 338 
7.3875 692193.2229 42473.72152 391 
7.419166667 634131.6343 40371.76433 352 
7.450833333 563857.7266 37514.367 317 
7.4825 531458.6225 35909.20637 341 
7.514166667 564072.361 36326.23937 339 
7.545833333 435704.4797 31330.6884 293 
7.5775 382926.9513 28860.348 247 
7.609166667 300147.3449 25186.09081 192 
7.640833333 303979.6746 25318.52015 206 
7.6725 345803.3373 27721.45837 243 
7.704166667 363636.8654 29405.18407 234 
7.735833333 410615.458 30955.15714 260 
7.7675 467232.9738 32882.42063 299 
7.799166667 470722.4544 32511.515 310 
7.830833333 462624.9266 31891.46383 302 
7.8625 434616.4618 30489.99981 307 
7.894166667 478495.3287 32012.52678 334 
7.925833333 430722.3932 30296.84458 303 
7.9575 486860.6602 31727.65568 342 
7.989166667 475699.8647 31299.0893 319 
8.020833333 388770.5289 27991.27222 293 
8.0525 500737.4639 31424.98068 361 
8.084166667 445445.0521 29268.7179 322 
8.115833333 425966.2243 28392.30787 312 
8.1475 448839.9746 29177.9334 334 
8.179166667 404696.9424 27071.21631 334 
8.210833333 364999.7236 25505.92274 312 
8.2425 400363.2283 26639.88686 323 
8.274166667 341317.8548 24223.22848 295 
8.305833333 367293.5678 25097.61569 306 
8.3375 398494.1545 25696.80377 317 
8.369166667 362187.9736 24320.40848 312 
8.400833333 346600.4536 23440.89594 312 
8.4325 380948.956 24526.9948 343 
8.464166667 321959.4696 22245.41877 318 
8.495833333 354748.1721 23188.93773 344 
8.5275 338517.5554 22198.39312 345 
8.559166667 283488.6281 20021.22976 295 
8.590833333 350160.7962 22144.05535 356 
8.6225 307621.153 20589.36809 319 
8.654166667 313295.878 20228.58169 325 
8.685833333 230175.4526 16822.43914 282 
8.7175 219244.8205 16045.27019 258 
8.749166667 157122.4644 13161.90631 191 
8.780833333 128570.9358 11646.2229 162 
8.8125 61667.15082 7644.330426 95 
8.844166667 43033.07035 5949.097557 72 
8.875833333 15031.25538 3161.716699 33 
8.9075 1740.967146 1080.166744 5 
8.939166667 215.0618493 215.0618493 1 
8.970833333 0 0 0 
9.0025 0 0 0 
9.034166667 0 0 0 
9.065833333 0 0 0 
9.0975 0 0 0 
9.129166667 0 0 0 
9.160833333 0 0 0 
9.1925 0 0 0 
9.224166667 0 0 0 
9.255833333 0 0 0 
9.2875 0 0 0 
9.319166667 0 0 0 
9.350833333 0 0 0 
9.3825 0 0 0 
9.414166667 0 0 0 
9.445833333 0 0 0 
9.4775 0 0 0 
9.509166667 0 0 0 
9.540833333 0 0 0 
9.5725 0 0 0 
9.604166667 0 0 0 
9.635833333 0 0 0 
9.6675 0 0 0 
9.699166667 0 0 0 
9.730833333 0 0 0 
9.7625 0 0 0 
9.794166667 0 0 0 
9.825833333 0 0 0 
9.8575 0 0 0 
9.889166667 0 0 0 
9.920833333 0 0 0 
9.9525 0 0 0 
9.984166667 0 0 0 
