# Format: McCode with text headers
# URL: http://www.mccode.org
# Creator:  3.99.99, git
# Instrument: ODIN_MCPL_TOF_train4.instr
# Ncount: 885236
# Trace: no
# Gravitation: no
# TOF_TRAIN: 100
# Seed: 1000
# Directory: Filterscan/1
# Nodes: 12
# Param: l_min=1
# Param: l_max=11
# Param: n_pulses=1
# Param: wfm_delta=0.3
# Param: bp_frequency=7
# Param: WFM1_phase_offset=0
# Param: jitter_wfmc_1=0
# Param: WFM2_phase_offset=0
# Param: jitter_wfmc_2=0
# Param: fo1_phase_offset=0
# Param: jitter_fo_chopper_1=0
# Param: bp1_phase_offset=0
# Param: jitter_bp1=0
# Param: fo2_phase_offset=0
# Param: jitter_fo_chopper_2=0
# Param: bp2_phase_offset=0
# Param: jitter_bp2=0
# Param: t0_phase_offset=0
# Param: jit_t0_sec=0
# Param: fo3_phase_offset=0
# Param: jitter_fo_chopper_3=0
# Param: fo4_phase_offset=0
# Param: jitter_fo_chopper_4=0
# Param: fo5_phase_offset=0
# Param: jitter_fo_chopper_5=0
# Param: choppers=2
# Param: target_tsplit=3
# Param: filter=1
# Param: repeat=1
# Param: v_smear=0.1
# Param: pos_smear=0.01
# Param: dir_smear=0.01
# Date: Sun Mar  1 17:38:56 2026 (1772383136)
# type: array_1d(300)
# Source: ODIN_MCPL_baseline (ODIN_MCPL_TOF_train4.instr)
# component: profile_x
# position: 49.4198 0 -35.0741
# title: x [m] monitor
# Ncount: 10622832
# filename: profile_x.dat
# statistics: X0=-0.0016582; dX=0.0801978;
# signal: Min=478399; Max=4.61465e+07; Mean=8.41908e+06;
# values: 2.52572e+09 9.28181e+07 43878
# xvar: x
# yvar: (I,I_err)
# xlabel: x [m]
# ylabel: Intensity [n/s/bin]
# xlimits: -0.15 0.15
# variables: x I I_err N
-0.1495 3846649.632 2587869.671 90 
-0.1485 5593894.015 3111106.387 97 
-0.1475 4218146.566 1458127.406 91 
-0.1465 4561987.978 2986496.171 96 
-0.1455 11259880.66 7665708.828 95 
-0.1445 7204665.588 3442003.34 103 
-0.1435 4375818.481 2574519.386 83 
-0.1425 5485288.335 3713174.573 106 
-0.1415 10857680.5 6191435.166 101 
-0.1405 4603024.786 2300310.617 95 
-0.1395 4346612.825 1845159.691 105 
-0.1385 478398.7792 282882.9786 82 
-0.1375 3444327.573 1725901.41 94 
-0.1365 2296822.763 999107.4151 99 
-0.1355 12399219.52 4915373.889 112 
-0.1345 12350334.89 5777096.412 86 
-0.1335 5716227.321 2742046.878 97 
-0.1325 6064832.816 2483748.835 96 
-0.1315 3568801.807 1302658.724 100 
-0.1305 9857526.063 5208903.381 106 
-0.1295 15225545.76 6559418.144 101 
-0.1285 9404536.484 4038702.645 97 
-0.1275 6355931.322 3624255.996 92 
-0.1265 9126367.575 4534568.782 114 
-0.1255 1258462.759 704847.8953 95 
-0.1245 16617706.68 10774101.4 116 
-0.1235 8418751.431 5341018.458 120 
-0.1225 2789096.051 1836664.173 116 
-0.1215 14339740.41 5752231.845 116 
-0.1205 4207278.448 2416718.301 93 
-0.1195 5786064.593 2452110.163 106 
-0.1185 4627212.447 2579357.292 119 
-0.1175 2830104.672 1146191.05 119 
-0.1165 2661906.806 1144468.573 111 
-0.1155 1349158.951 542486.8697 109 
-0.1145 11304450.07 5223007.921 92 
-0.1135 5082641.995 2874089.159 98 
-0.1125 7023142.503 4083128.908 115 
-0.1115 9454134.167 3273241.929 112 
-0.1105 3758573.367 2206895.185 112 
-0.1095 7376993.092 3617959.136 124 
-0.1085 6668703.772 4386811.12 109 
-0.1075 6195852.188 2331582.583 108 
-0.1065 6771871.036 4383044.529 129 
-0.1055 7367170.912 3835912.721 120 
-0.1045 7010835.308 2811829.411 127 
-0.1035 1796761.976 805672.7548 127 
-0.1025 5399163.727 2486175.326 131 
-0.1015 7992763.81 3887361.746 114 
-0.1005 8119572.183 4934925.174 124 
-0.0995 3780734.69 2598009.23 95 
-0.0985 9554836.966 3216746.153 133 
-0.0975 12963525.51 6243269.21 112 
-0.0965 2752033.38 1468964.012 119 
-0.0955 2955925.394 1308644.474 104 
-0.0945 13560392.97 9947072.771 117 
-0.0935 4536082.006 3665936.254 138 
-0.0925 8490301.54 4862795.352 138 
-0.0915 23076063.3 7798235.053 132 
-0.0905 9329428.937 3949757.295 122 
-0.0895 5394159.284 2973552.42 129 
-0.0885 7629835.288 3919103.448 136 
-0.0875 7033085.349 2824226.425 146 
-0.0865 7672057.68 5028664.665 144 
-0.0855 14833021.85 6692170.581 142 
-0.0845 2621345.973 1174025.278 108 
-0.0835 8568678.019 4044458.166 130 
-0.0825 4566711.484 2666204.472 133 
-0.0815 7713846.126 3085340.082 140 
-0.0805 3077570.377 1641678.912 147 
-0.0795 7545110.351 3085963.642 129 
-0.0785 9182569.818 3003870.175 145 
-0.0775 13676555.39 5751847.768 118 
-0.0765 7261730.645 3095193.111 154 
-0.0755 6331042.043 2858664.856 159 
-0.0745 10156330.54 4618573.618 175 
-0.0735 5175785.446 3610403.057 149 
-0.0725 8503619.491 4792178.946 163 
-0.0715 9839207.273 4056756.68 159 
-0.0705 3752214.74 1220191.236 165 
-0.0695 7627694.741 2846473.535 158 
-0.0685 12546131.1 5148648.333 150 
-0.0675 4330901.021 2326761.613 152 
-0.0665 23719215.07 8374231.059 157 
-0.0655 14985033.81 5762517.809 196 
-0.0645 6354382.424 3007082.505 185 
-0.0635 43240960.15 35926005.37 206 
-0.0625 15553606.25 7149831.083 158 
-0.0615 16638679.87 6449062.404 177 
-0.0605 12516256.24 4521909.147 186 
-0.0595 4477984.644 1584676.987 180 
-0.0585 6143696.572 2798810.019 221 
-0.0575 10971003.3 5232426.725 194 
-0.0565 11825567.45 4315166.534 173 
-0.0555 9040851.84 4388181.105 189 
-0.0545 13595061.5 4315132.698 203 
-0.0535 8961690.941 3480597.588 194 
-0.0525 5928645.231 3418291.522 207 
-0.0515 5596934.943 2961990.081 174 
-0.0505 5958247.853 2781306.143 182 
-0.0495 8451924.079 3151730.806 188 
-0.0485 13635149.53 5383258.564 193 
-0.0475 4885131.872 2292719.674 169 
-0.0465 12159205.88 4982699.292 201 
-0.0455 13386054.28 4816468.305 175 
-0.0445 10201051.01 3470055.594 198 
-0.0435 15032116.39 5811567.588 184 
-0.0425 4159246.642 2019415.589 175 
-0.0415 4255324.382 2043473.216 181 
-0.0405 5311949.044 1869515.319 206 
-0.0395 14547524.91 5131254.454 217 
-0.0385 7613215.888 2428929.258 198 
-0.0375 8737157.05 3698541.788 209 
-0.0365 8709837.889 4270121.625 163 
-0.0355 5856459.779 2258578.179 199 
-0.0345 11064415.77 3721939.177 208 
-0.0335 9994633.53 4894867.881 175 
-0.0325 17110964.84 9099691.346 159 
-0.0315 12020956.3 4735999.523 209 
-0.0305 4985182.364 2122028.835 199 
-0.0295 7245138.596 2753526.902 189 
-0.0285 2719821.788 1480975.168 180 
-0.0275 9894934.331 4480350.625 184 
-0.0265 7448143.393 2819177.073 196 
-0.0255 7975004.58 2607653.549 179 
-0.0245 8590472.099 3175217.626 191 
-0.0235 8972031.577 3508222.594 210 
-0.0225 4070648.07 1458532.657 196 
-0.0215 13194408.67 5577250.276 211 
-0.0205 39528850.92 30564052.29 215 
-0.0195 6586748.241 1963334.92 181 
-0.0185 8402757.931 3575466.354 196 
-0.0175 5983141.965 2641259.23 190 
-0.0165 9419037.538 3224342.19 196 
-0.0155 8698366.971 3042479.932 212 
-0.0145 2522315.207 1164423.811 219 
-0.0135 3485754.756 1350740.033 220 
-0.0125 3270715.939 1443455.079 210 
-0.0115 6863560.521 2687287.303 185 
-0.0105 12426450.82 6136724.471 208 
-0.0095 14888981.26 6066112.126 183 
-0.0085 8197895.329 2925999.959 177 
-0.0075 13682518.04 5586187.443 205 
-0.0065 3796366.225 2020315.614 194 
-0.0055 7716489.51 3741809.448 198 
-0.0045 11683112.65 4014150.658 205 
-0.0035 13823172.69 5034277.638 217 
-0.0025 7136296.515 3825721.146 184 
-0.0015 10217689.29 4720206.323 182 
-0.0005 3449687.946 1399802.687 200 
0.0005 19324242.96 9713414.299 212 
0.0015 10661239.82 4419890.519 213 
0.0025 17467508.52 8185776.563 200 
0.0035 13306448.55 4794440.103 219 
0.0045 6074304.999 2517149.885 210 
0.0055 11514837.84 4816819.031 188 
0.0065 8522494.234 3470641.433 216 
0.0075 14002667.38 9092014.869 196 
0.0085 24266723.37 9371717.33 209 
0.0095 3585464.914 1392159.03 202 
0.0105 21056639.35 9678227.205 190 
0.0115 6753610.554 3257402.039 203 
0.0125 15286958.63 5965165.662 187 
0.0135 12412501.03 5522006.771 208 
0.0145 12630251.15 6786390.153 182 
0.0155 6049552.418 2553477.75 168 
0.0165 10200751.42 4201604.516 194 
0.0175 5832496.795 3034314.627 172 
0.0185 4753041.699 2459719.148 195 
0.0195 18637385.49 8595515.885 195 
0.0205 7332429.377 2292058.519 195 
0.0215 4779231.679 1433596.917 188 
0.0225 7254306.189 3504743.885 206 
0.0235 5898735.028 2030210.595 189 
0.0245 12784980.49 4854240.512 199 
0.0255 13627225.92 5007764.171 185 
0.0265 7425882.269 2471448.57 203 
0.0275 5121693.781 1833894.782 188 
0.0285 9139453.798 4212038.535 190 
0.0295 4087237.005 1639412.355 183 
0.0305 9980523.364 4320746.673 198 
0.0315 8085715.803 3482867.114 208 
0.0325 13226062.71 4660383.249 205 
0.0335 3514909.56 1564512.79 170 
0.0345 11395878.53 4819698.989 183 
0.0355 7444161.71 3400161.687 191 
0.0365 8821886.988 4530342.712 193 
0.0375 6501859.342 2683958.988 188 
0.0385 6455829.123 3221228.202 168 
0.0395 8972332.321 4006513.877 187 
0.0405 13316494.27 5800761.3 158 
0.0415 14069197.68 6491509.841 182 
0.0425 3388252.658 1661071.066 166 
0.0435 7609368.798 3374076.492 194 
0.0445 3409589.586 2197487.223 192 
0.0455 10440797.48 3697854.211 175 
0.0465 8266322.388 3573326.414 168 
0.0475 8658080.838 6148093.124 164 
0.0485 5464072.888 1920949.624 151 
0.0495 6567092.023 2383737.808 160 
0.0505 15379171.42 5748565.763 147 
0.0515 5551022.496 1952208.186 166 
0.0525 10166738.2 3665980.652 189 
0.0535 19618207.52 7459920.163 172 
0.0545 8416969.178 2962965.294 156 
0.0555 13787211.35 5969736.947 180 
0.0565 6300220.464 3293885.884 164 
0.0575 7436966.343 3037973.315 164 
0.0585 9764615.517 4587996.746 169 
0.0595 12058382.12 4685629.477 185 
0.0605 10474488.04 4741255.695 156 
0.0615 9532780.736 3679271.679 152 
0.0625 11834673.74 4998299.744 145 
0.0635 9740043.285 4605901.471 166 
0.0645 11882670.39 5052460.032 162 
0.0655 14537022.49 6955131.667 169 
0.0665 5934278.143 2465562.006 155 
0.0675 10557428.06 5195115.853 132 
0.0685 12188311.82 5239039.747 136 
0.0695 8137628.237 5510020.433 142 
0.0705 2132959.639 941675.4778 157 
0.0715 4940239.653 2048419.879 119 
0.0725 7738990.329 3536341.767 143 
0.0735 8988653.147 3939207.841 146 
0.0745 867129.6245 502554.9088 132 
0.0755 5137640.676 3023985.279 125 
0.0765 7230412.897 2815206.097 136 
0.0775 1592636.229 746646.2445 126 
0.0785 9934662.794 4325774.143 121 
0.0795 8599308.895 4684414.724 121 
0.0805 9509634.33 4367983.856 115 
0.0815 7080231.383 4672280.342 117 
0.0825 2661584.776 1325254.805 120 
0.0835 13441639.83 5814760.29 124 
0.0845 6051160.737 2751756.56 117 
0.0855 7614900.106 3130007.159 111 
0.0865 4191593.946 2672207.156 104 
0.0875 6331383.742 2484864.055 117 
0.0885 6692931.792 3039397.663 102 
0.0895 6488231.828 2705473.002 109 
0.0905 4444175.073 1937215.621 107 
0.0915 7256944.849 2859651.287 114 
0.0925 5610110.908 2811834.37 118 
0.0935 7146916.619 3985169.692 101 
0.0945 15214780.67 5668328.58 123 
0.0955 8556775.72 6473865.368 111 
0.0965 3031951.424 1290174.279 108 
0.0975 4951125.706 3331274.531 104 
0.0985 13764645.22 8080624.155 119 
0.0995 10521304.93 4347541.756 123 
0.1005 3324366.076 1295110.521 101 
0.1015 5742030.826 2658214.408 126 
0.1025 7687811.295 3609716.361 100 
0.1035 13603750.1 9199032.186 101 
0.1045 1579901.424 923389.0001 98 
0.1055 11253481.7 5871684.507 121 
0.1065 5226717.419 2934301.887 103 
0.1075 3395328.442 1460260.843 118 
0.1085 8629778.558 2778767.647 94 
0.1095 12573552.55 7094568.995 104 
0.1105 5590521.097 2559391.416 119 
0.1115 4314966.256 2292325.484 102 
0.1125 8690859.187 5903339.19 113 
0.1135 2734490.534 1267805.471 91 
0.1145 4660910.032 2078105.754 114 
0.1155 3102313.498 2605000.715 93 
0.1165 5469075.162 3073618.042 90 
0.1175 46146524.57 33710887.47 102 
0.1185 8454778.298 4163916.481 97 
0.1195 13995122.21 6423854.282 113 
0.1205 6235242.127 4088155.698 93 
0.1215 2913485.029 1506263.845 81 
0.1225 3734528.269 1745365.636 110 
0.1235 3315150.34 1699875.474 89 
0.1245 3129533.65 1852401.32 87 
0.1255 3583703.783 2067527.446 99 
0.1265 5316408.992 3032446.346 100 
0.1275 8821162.748 4329642.551 83 
0.1285 8621102.866 3134099.476 108 
0.1295 7454382.559 6134817.64 91 
0.1305 3768253.572 2510189.705 85 
0.1315 5513959.518 2534915.291 84 
0.1325 8606982.507 4405290.442 86 
0.1335 13617333.66 5669737.933 96 
0.1345 4738402.354 2462367.362 88 
0.1355 9033865.734 3885286.126 97 
0.1365 3290608.937 1885662.393 103 
0.1375 2411943.706 1149647.203 92 
0.1385 3433488.313 1561831.155 86 
0.1395 13584535.38 11241833.72 74 
0.1405 1677511.209 536580.5426 95 
0.1415 1129228.479 410906.4713 95 
0.1425 2250841.395 1000836.52 111 
0.1435 1889435.445 1222341.57 96 
0.1445 3794743.263 1626676.928 89 
0.1455 6043307.126 3057997.961 82 
0.1465 16482166.43 10444042.5 101 
0.1475 11273698.6 5079011.019 92 
0.1485 2118894.48 1405528.425 83 
0.1495 955154.3388 434466.1719 77 
