# Format: McCode with text headers
# URL: http://www.mccode.org
# Creator:  3.99.99, git
# Instrument: ODIN_MCPL_TOF_train4.instr
# Ncount: 885236
# Trace: no
# Gravitation: no
# TOF_TRAIN: 100
# Seed: 1000
# Directory: Filterscan/1
# Nodes: 12
# Param: l_min=1
# Param: l_max=11
# Param: n_pulses=1
# Param: wfm_delta=0.3
# Param: bp_frequency=7
# Param: WFM1_phase_offset=0
# Param: jitter_wfmc_1=0
# Param: WFM2_phase_offset=0
# Param: jitter_wfmc_2=0
# Param: fo1_phase_offset=0
# Param: jitter_fo_chopper_1=0
# Param: bp1_phase_offset=0
# Param: jitter_bp1=0
# Param: fo2_phase_offset=0
# Param: jitter_fo_chopper_2=0
# Param: bp2_phase_offset=0
# Param: jitter_bp2=0
# Param: t0_phase_offset=0
# Param: jit_t0_sec=0
# Param: fo3_phase_offset=0
# Param: jitter_fo_chopper_3=0
# Param: fo4_phase_offset=0
# Param: jitter_fo_chopper_4=0
# Param: fo5_phase_offset=0
# Param: jitter_fo_chopper_5=0
# Param: choppers=2
# Param: target_tsplit=3
# Param: filter=1
# Param: repeat=1
# Param: v_smear=0.1
# Param: pos_smear=0.01
# Param: dir_smear=0.01
# Date: Sun Mar  1 17:38:56 2026 (1772383136)
# type: array_1d(300)
# Source: ODIN_MCPL_baseline (ODIN_MCPL_TOF_train4.instr)
# component: profile_y
# position: 49.4198 0 -35.0741
# title: y [m] monitor
# Ncount: 10622832
# filename: profile_y.dat
# statistics: X0=-0.00380121; dX=0.0762393;
# signal: Min=601930; Max=4.20509e+07; Mean=8.41908e+06;
# values: 2.52572e+09 9.28181e+07 43878
# xvar: y
# yvar: (I,I_err)
# xlabel: y [m]
# ylabel: Intensity [n/s/bin]
# xlimits: -0.15 0.15
# variables: y I I_err N
-0.1495 1004536.032 524509.2952 120 
-0.1485 1033305.209 769067.5642 111 
-0.1475 7401310.922 5533648.054 109 
-0.1465 5676832.101 2469833.682 114 
-0.1455 1411604.34 920157.5994 117 
-0.1445 4683623.099 2070919.364 96 
-0.1435 3596341.211 2229926.086 131 
-0.1425 13687439.77 9069133.127 121 
-0.1415 742370.4809 389287.6328 99 
-0.1405 6864179.575 3103596.951 130 
-0.1395 4177667.487 2869365.983 102 
-0.1385 845094.361 505995.5554 123 
-0.1375 5854305.772 2688221.714 119 
-0.1365 601930.2965 385897.1277 110 
-0.1355 5208584.71 3521629.316 105 
-0.1345 2774380.016 1893771.5 125 
-0.1335 3328986.982 1960973.415 125 
-0.1325 3059928.276 2034505.638 105 
-0.1315 12779670.36 5756255.239 117 
-0.1305 12273935.01 5816619.599 118 
-0.1295 5921308.299 3970312.315 112 
-0.1285 4783355.532 2271401.273 117 
-0.1275 2516832.196 1134925.137 112 
-0.1265 16460817.11 6428908.451 121 
-0.1255 8242281.405 3364397.67 117 
-0.1245 1163934.449 615699.1876 119 
-0.1235 3265992.798 1244017.75 107 
-0.1225 5011971.008 2110259.755 132 
-0.1215 3578124.608 2603471.231 122 
-0.1205 2343814.174 1483389.266 110 
-0.1195 3642974.982 2050464.193 137 
-0.1185 1807563.516 1031099.98 115 
-0.1175 6257474.466 3630095.644 127 
-0.1165 4926946.36 2595298.766 129 
-0.1155 10784305.89 4895191.229 134 
-0.1145 23151419.95 11143000.54 123 
-0.1135 2668422.942 2215625.061 126 
-0.1125 1049477.495 488478.8955 128 
-0.1115 9904137.761 5579582.856 133 
-0.1105 4784379.017 2919837.734 137 
-0.1095 9793841.27 3611646.804 130 
-0.1085 6605047.268 3141816.575 135 
-0.1075 3598783.903 1912092.423 135 
-0.1065 4293834.768 2048142.613 129 
-0.1055 6385818.276 3368203.853 130 
-0.1045 8651189.931 4239915.908 131 
-0.1035 869395.0931 551699.3364 134 
-0.1025 4819720.026 2489558.766 140 
-0.1015 8628349.865 4146042.628 144 
-0.1005 8838251.085 3448066.088 138 
-0.0995 11181004.21 5235355.256 158 
-0.0985 2409900.959 1145870.884 125 
-0.0975 14675380.89 4641388.893 148 
-0.0965 8036673.975 3480194.072 137 
-0.0955 4293786.88 2008855.751 173 
-0.0945 14131420.86 5499839.423 135 
-0.0935 4591811.092 1827817.686 142 
-0.0925 9687997.433 3378540.191 157 
-0.0915 6409583.838 2904363.834 144 
-0.0905 38100497.26 30603388.03 141 
-0.0895 6455849.893 2948376.636 132 
-0.0885 7421700.046 4668120.016 137 
-0.0875 8655766.618 4576239.072 148 
-0.0865 12054090.84 4617468.805 148 
-0.0855 2119088.064 882519.824 155 
-0.0845 5024421.429 2648363.618 129 
-0.0835 9223428.629 3927906.529 174 
-0.0825 12034536.58 4119590.384 160 
-0.0815 5048768.525 2174892.211 140 
-0.0805 12185939.86 6469958.042 154 
-0.0795 17559272.84 8217377.108 138 
-0.0785 12162093.91 7163967.967 153 
-0.0775 9781397.042 4933025.867 127 
-0.0765 10066122.75 3321085.484 155 
-0.0755 42050920.29 36038737.45 145 
-0.0745 11120729.12 4494093.83 146 
-0.0735 7056198.152 2678598.644 176 
-0.0725 3517035.169 1974944.968 142 
-0.0715 12540544.44 4857445.539 144 
-0.0705 7367983.156 3987808.555 167 
-0.0695 4555719.165 1748423.1 156 
-0.0685 10254973.84 5674582.92 158 
-0.0675 4172176.568 2179565.135 130 
-0.0665 5123236.901 2494837.365 146 
-0.0655 3464783.798 1267297.551 135 
-0.0645 9066433.189 5271961.609 136 
-0.0635 6106593.884 3460467.894 146 
-0.0625 14330926.76 6654722.978 129 
-0.0615 11298791.43 5171051.837 149 
-0.0605 3720493.055 1403956.312 147 
-0.0595 6193889.556 2327753.278 160 
-0.0585 10185399.76 4738174.198 168 
-0.0575 12897898.09 6101952.583 154 
-0.0565 18274209.73 6080336.426 180 
-0.0555 4868375.996 1692224.254 167 
-0.0545 13523146.25 5845185.854 192 
-0.0535 8174103.543 3562963.488 154 
-0.0525 10392160.09 3740532.201 150 
-0.0515 5790729.945 2572745.777 159 
-0.0505 12828979.55 4804231.492 157 
-0.0495 13639708.68 4806877.857 166 
-0.0485 10511246.78 4103532.514 158 
-0.0475 10174095.56 5097773.688 161 
-0.0465 10814162.3 4183961.846 171 
-0.0455 12980884.62 4494264.273 168 
-0.0445 3399941.013 1669942.137 166 
-0.0435 8520062.69 3006172.069 131 
-0.0425 9141236.528 2888455.176 154 
-0.0415 6050086.735 4245792.332 146 
-0.0405 38606512.03 33078977.92 132 
-0.0395 6110005.831 3185751.209 174 
-0.0385 7793761.538 3378891.005 152 
-0.0375 11141224.77 4534485.951 157 
-0.0365 20685507.86 7974880.394 167 
-0.0355 15642300.4 7586820.106 156 
-0.0345 1051774.823 504404.8873 172 
-0.0335 15548834.33 7156264.325 170 
-0.0325 5628976.183 2619622.224 158 
-0.0315 8388290.222 4320679.724 158 
-0.0305 9505404.039 4073106.657 172 
-0.0295 5922308.537 2253433.103 183 
-0.0285 15356406.79 5742140.813 179 
-0.0275 3192079.97 1316906.864 164 
-0.0265 11260324.35 5388191.652 169 
-0.0255 5953933.013 2604046.927 166 
-0.0245 3085963.514 1897456.122 179 
-0.0235 6167012.757 2972084.167 173 
-0.0225 7363581.674 3454296.665 181 
-0.0215 9938321.775 3399621.323 142 
-0.0205 10942431.48 5109951.686 187 
-0.0195 34419059.18 12141137.33 161 
-0.0185 17862078.49 6328364.087 183 
-0.0175 23491659.35 12009685.4 181 
-0.0165 9645761.978 3521028.397 163 
-0.0155 14223602.54 5429231.288 189 
-0.0145 26628862.46 9546938.137 159 
-0.0135 10372385.6 3468594.328 158 
-0.0125 6099113.028 2775629.561 173 
-0.0115 2952847.638 1099122.549 167 
-0.0105 9048237.279 4394595.092 155 
-0.0095 8707609.777 3535849.859 183 
-0.0085 10124360.78 4320795.709 149 
-0.0075 8258995.656 4166395.906 175 
-0.0065 13874292.1 6699877.256 156 
-0.0055 13898983.06 4900976.594 160 
-0.0045 16044719.25 6407371.744 185 
-0.0035 9974180.832 4574036.482 176 
-0.0025 17475993.94 8443869.901 158 
-0.0015 13032071.17 4660966.397 175 
-0.0005 8678975.658 3818289.803 162 
0.0005 7226871.715 2801573.135 179 
0.0015 4490614.066 1635409.234 174 
0.0025 21096634.3 10033471.35 163 
0.0035 9369577.563 4519802.782 173 
0.0045 3368584.833 1145182.554 166 
0.0055 13760625.27 6121485.247 183 
0.0065 5398822.234 2264862.674 180 
0.0075 11522370.35 5150928.369 144 
0.0085 12717589.59 4374918.399 167 
0.0095 2459082.313 1266923.71 160 
0.0105 5798364.291 1863014.303 175 
0.0115 2965134.202 1199074.895 171 
0.0125 8629852.996 3568082.914 163 
0.0135 9734622.508 4510570.349 155 
0.0145 13390812.1 4697606.753 191 
0.0155 5723685.54 3168161.36 163 
0.0165 4375315.63 1410106.72 188 
0.0175 7028393.021 2644387.9 191 
0.0185 9905283.361 4217640.556 184 
0.0195 13758347.99 5660684.171 164 
0.0205 9589159.157 4224971.38 162 
0.0215 9617753.137 3398069.932 173 
0.0225 18254781.43 7264366.267 166 
0.0235 7510904.401 2921578.411 197 
0.0245 6406433.823 2548186.871 152 
0.0255 16559625.95 6232530.077 185 
0.0265 13333501.25 4911826.701 161 
0.0275 8153296.175 3863445.281 168 
0.0285 9289037.441 3696810.089 181 
0.0295 4977872.237 1774028.742 181 
0.0305 4359370.549 2244224.346 168 
0.0315 1927427.583 832979.7424 157 
0.0325 16805652.71 6411717.282 161 
0.0335 10630812.05 4995967.785 157 
0.0345 9311235.849 4245002.976 169 
0.0355 7022663.705 4088281.611 164 
0.0365 6792081.897 2540128.707 160 
0.0375 13688364.6 5403735.624 157 
0.0385 17416431.5 5694280.387 182 
0.0395 8645642.528 2728640.205 175 
0.0405 10217158.41 4280656.982 164 
0.0415 8400057.103 3284626.308 169 
0.0425 7465890.788 2474377.858 161 
0.0435 6563885.524 3385299.024 147 
0.0445 7498785.185 2871173.372 149 
0.0455 4806002.549 2892726.003 166 
0.0465 9624466.898 4507206.512 149 
0.0475 13528539.22 4759524.979 170 
0.0485 16808133.99 7638750.717 159 
0.0495 10389366.87 3962790.72 171 
0.0505 9376362.238 3893963.027 167 
0.0515 10432372.43 4559705.675 167 
0.0525 12026899.56 4888640.284 140 
0.0535 7011079.36 4583759.798 157 
0.0545 13542054.82 6682424.897 150 
0.0555 4975268.75 1883302.145 165 
0.0565 11024713.57 4386039.789 157 
0.0575 2845772.377 1454503.494 137 
0.0585 4676056.418 2267247.548 128 
0.0595 16391392.73 10093101.25 161 
0.0605 5071398.434 1516505.084 156 
0.0615 10689281.49 3387084.359 163 
0.0625 4796091.399 1619469.402 139 
0.0635 6592789.345 2752394.07 159 
0.0645 7050586.109 3089178.977 152 
0.0655 15384326.79 5796479.492 167 
0.0665 10732479 3686589.897 161 
0.0675 4624168.098 1762163.724 150 
0.0685 3562093.171 1836749.465 164 
0.0695 3298915.657 1564365.453 154 
0.0705 2706009.344 959955.5496 169 
0.0715 8899480.794 3742362.438 137 
0.0725 5498184.905 2202365.765 163 
0.0735 8949246.873 2674836.022 160 
0.0745 8918038.378 3975876.93 137 
0.0755 10818161.13 5604227.948 153 
0.0765 5882790.499 2835947.949 160 
0.0775 11907340.65 5166886.118 165 
0.0785 6244483.402 3466150.58 150 
0.0795 9695946.988 4236610.388 137 
0.0805 7756132.415 4131793.07 139 
0.0815 2878381.368 1075530.25 144 
0.0825 8574770.66 3618272.055 152 
0.0835 14862677.41 7598921.258 155 
0.0845 6251655.215 3029978.993 140 
0.0855 4360743.586 1884678.499 138 
0.0865 13577021.79 4506906.34 149 
0.0875 14203935.48 5739353.247 158 
0.0885 4632736.176 2407074.6 141 
0.0895 5739964.806 2499349.56 141 
0.0905 11201986.15 5618609.13 145 
0.0915 4953277.334 1863571.038 137 
0.0925 5047479.369 2780501.409 137 
0.0935 10619852.64 3871906.192 156 
0.0945 18273074.5 9123964.059 131 
0.0955 20332573.15 9739775.876 160 
0.0965 7021106.105 2914207.329 151 
0.0975 7715267.854 3985197.036 147 
0.0985 8299330.266 3859305.107 153 
0.0995 5261875.604 3419411.97 149 
0.1005 4792133.706 1916880.887 136 
0.1015 16209453.12 6169784.11 157 
0.1025 5872529.302 3212105.314 153 
0.1035 2047691.98 969408.6641 137 
0.1045 5667653.654 2394058.145 139 
0.1055 5474366.266 2599922.018 113 
0.1065 4533035.188 2903566.61 133 
0.1075 2263843.708 1320671.843 126 
0.1085 11945743.19 5621989.169 142 
0.1095 10604768.68 4948334.131 138 
0.1105 4371374.379 2216516.354 128 
0.1115 6597880.788 4690248.496 132 
0.1125 10588918.47 4829525.455 128 
0.1135 6075406.465 2532742.93 123 
0.1145 2561910.626 1015191.673 134 
0.1155 1922717.582 1369708.49 98 
0.1165 971420.8429 583154.2146 113 
0.1175 9538085.422 3661901.804 127 
0.1185 11866633.99 5410619.522 119 
0.1195 4030198.299 3219678.908 128 
0.1205 11863176.72 10193550.79 137 
0.1215 5041835.168 2992453.132 128 
0.1225 2911419.997 1423277.358 123 
0.1235 9110144.623 4680692.577 123 
0.1245 5518604.963 4593645.859 135 
0.1255 3294973.318 1847900.703 108 
0.1265 4203887.638 1571609.289 121 
0.1275 2906793.999 1707579.778 119 
0.1285 4324866.947 2588369.192 126 
0.1295 1403262.899 617550.5015 124 
0.1305 10728003.18 5586487.545 108 
0.1315 3841490.661 1828733.143 109 
0.1325 6458731.706 4413720.813 119 
0.1335 3544582.372 1530476.57 118 
0.1345 2167741.419 1128521.263 89 
0.1355 14261934.97 10035413.84 108 
0.1365 5114773.804 2870754.339 112 
0.1375 2006026.032 1105743.691 125 
0.1385 5440266.43 2692109.278 111 
0.1395 4918542.926 3566172.445 93 
0.1405 1856057.158 984170.3501 107 
0.1415 3273967.803 2644462.221 106 
0.1425 2654954.503 1207144.642 122 
0.1435 3217840.819 2090030.685 130 
0.1445 2230342.348 1237529.639 107 
0.1455 768463.0101 431425.9185 94 
0.1465 2781954.712 1585557.249 100 
0.1475 3413315.521 1996608.67 117 
0.1485 7302084.621 4370091.96 102 
0.1495 4451264.033 3384530.802 106 
