# Format: McCode with text headers
# URL: http://www.mccode.org
# Creator:  3.99.99, git
# Instrument: ODIN_MCPL_TOF_train4.instr
# Ncount: 885236
# Trace: no
# Gravitation: no
# TOF_TRAIN: 100
# Seed: 1000
# Directory: Filterscan/1
# Nodes: 12
# Param: l_min=1
# Param: l_max=11
# Param: n_pulses=1
# Param: wfm_delta=0.3
# Param: bp_frequency=7
# Param: WFM1_phase_offset=0
# Param: jitter_wfmc_1=0
# Param: WFM2_phase_offset=0
# Param: jitter_wfmc_2=0
# Param: fo1_phase_offset=0
# Param: jitter_fo_chopper_1=0
# Param: bp1_phase_offset=0
# Param: jitter_bp1=0
# Param: fo2_phase_offset=0
# Param: jitter_fo_chopper_2=0
# Param: bp2_phase_offset=0
# Param: jitter_bp2=0
# Param: t0_phase_offset=0
# Param: jit_t0_sec=0
# Param: fo3_phase_offset=0
# Param: jitter_fo_chopper_3=0
# Param: fo4_phase_offset=0
# Param: jitter_fo_chopper_4=0
# Param: fo5_phase_offset=0
# Param: jitter_fo_chopper_5=0
# Param: choppers=2
# Param: target_tsplit=3
# Param: filter=1
# Param: repeat=1
# Param: v_smear=0.1
# Param: pos_smear=0.01
# Param: dir_smear=0.01
# Date: Sun Mar  1 17:38:56 2026 (1772383136)
# type: array_2d(90, 90)
# Source: ODIN_MCPL_baseline (ODIN_MCPL_TOF_train4.instr)
# component: PSD_Backtrace
# position: 0.123791 0 -0.138729
# title: PSD monitor
# Ncount: 10622832
# filename: PSD_Backtrace.dat
# statistics: X0=-1.20859; dX=7.30188; Y0=-0.00240169; dY=1.77858;
# signal: Min=0; Max=7.79257e+11; Mean=4.54738e+10;
# values: 3.68338e+14 1.96596e+12 1.06228e+07
# xvar: X 
# yvar: Y 
# xlabel: X position [cm]
# ylabel: Y position [cm]
# zvar: I
# zlabel: Signal per bin
# xylimits: -15 15 -15 15
# variables: I I_err N
# Data [PSD_Backtrace/PSD_Backtrace.dat] I:
0 0 0 0 0 0 0 0 0 0 0 0 0 0 0 0 0 0 0 0 0 0 0 0 0 0 0 0 0 0 0 0 0 0 0 0 0 0 0 0 0 0 0 0 0 0 0 0 0 0 0 0 0 0 0 0 0 0 0 0 0 0 0 0 0 0 0 0 0 0 0 0 0 0 0 0 0 0 0 0 0 0 0 0 0 0 0 0 0 0 
0 0 0 0 0 0 0 0 0 0 0 0 0 0 0 0 0 0 0 0 0 0 0 0 0 0 0 0 0 0 0 0 0 0 0 0 0 0 0 0 0 0 0 0 0 0 0 0 0 0 0 0 0 0 0 0 0 0 0 0 0 0 0 0 0 0 0 0 0 0 0 0 0 0 0 0 0 0 0 0 0 0 0 0 0 0 0 0 0 0 
0 0 0 0 0 0 0 0 0 0 0 0 0 0 0 0 0 0 0 0 0 0 0 0 0 0 0 0 0 0 0 0 0 0 0 0 0 0 0 0 0 0 0 0 0 0 0 0 0 0 0 0 0 0 0 0 0 0 0 0 0 0 0 0 0 0 0 0 0 0 0 0 0 0 0 0 0 0 0 0 0 0 0 0 0 0 0 0 0 0 
0 0 0 0 0 0 0 0 0 0 0 0 0 0 0 0 0 0 0 0 0 0 0 0 0 0 0 0 0 0 0 0 0 0 0 0 0 0 0 0 0 0 0 0 0 0 0 0 0 0 0 0 0 0 0 0 0 0 0 0 0 0 0 0 0 0 0 0 0 0 0 0 0 0 0 0 0 0 0 0 0 0 0 0 0 0 0 0 0 0 
0 0 0 0 0 0 0 0 0 0 0 0 0 0 0 0 0 0 0 0 0 0 0 0 0 0 0 0 0 0 0 0 0 0 0 0 0 0 0 0 0 0 0 0 0 0 0 0 0 0 0 0 0 0 0 0 0 0 0 0 0 0 0 0 0 0 0 0 0 0 0 0 0 0 0 0 0 0 0 0 0 0 0 0 0 0 0 0 0 0 
0 0 0 0 0 0 0 0 0 0 0 0 0 0 0 0 0 0 0 0 0 0 0 0 0 0 0 0 0 0 0 0 0 0 0 0 0 0 0 0 0 0 0 0 0 0 0 0 0 0 0 0 0 0 0 0 0 0 0 0 0 0 0 0 0 0 0 0 0 0 0 0 0 0 0 0 0 0 0 0 0 0 0 0 0 0 0 0 0 0 
0 0 0 0 0 0 0 0 0 0 0 0 0 0 0 0 0 0 0 0 0 0 0 0 0 0 0 0 0 0 0 0 0 0 0 0 0 0 0 0 0 0 0 0 0 0 0 0 0 0 0 0 0 0 0 0 0 0 0 0 0 0 0 0 0 0 0 0 0 0 0 0 0 0 0 0 0 0 0 0 0 0 0 0 0 0 0 0 0 0 
0 0 0 0 0 0 0 0 0 0 0 0 0 0 0 0 0 0 0 0 0 0 0 0 0 0 0 0 0 0 0 0 0 0 0 0 0 0 0 0 0 0 0 0 0 0 0 0 0 0 0 0 0 0 0 0 0 0 0 0 0 0 0 0 0 0 0 0 0 0 0 0 0 0 0 0 0 0 0 0 0 0 0 0 0 0 0 0 0 0 
0 0 0 0 0 0 0 0 0 0 0 0 0 0 0 0 0 0 0 0 0 0 0 0 0 0 0 0 0 0 0 0 0 0 0 0 0 0 0 0 0 0 0 0 0 0 0 0 0 0 0 0 0 0 0 0 0 0 0 0 0 0 0 0 0 0 0 0 0 0 0 0 0 0 0 0 0 0 0 0 0 0 0 0 0 0 0 0 0 0 
0 0 0 0 0 0 0 0 0 0 0 0 0 0 0 0 0 0 0 0 0 0 0 0 0 0 0 0 0 0 0 0 0 0 0 0 0 0 0 0 0 0 0 0 0 0 0 0 0 0 0 0 0 0 0 0 0 0 0 0 0 0 0 0 0 0 0 0 0 0 0 0 0 0 0 0 0 0 0 0 0 0 0 0 0 0 0 0 0 0 
0 0 0 0 0 0 0 0 0 0 0 0 0 0 0 0 0 0 0 0 0 0 0 0 0 0 0 0 0 0 0 0 0 0 0 0 0 0 0 0 0 0 0 0 0 0 0 0 0 0 0 0 0 0 0 0 0 0 0 0 0 0 0 0 0 0 0 0 0 0 0 0 0 0 0 0 0 0 0 0 0 0 0 0 0 0 0 0 0 0 
0 0 0 0 0 0 0 0 0 0 0 0 0 0 0 0 0 0 0 0 0 0 0 0 0 0 0 0 0 0 0 0 0 0 0 0 0 0 0 0 0 0 0 0 0 0 0 0 0 0 0 0 0 0 0 0 0 0 0 0 0 0 0 0 0 0 0 0 0 0 0 0 0 0 0 0 0 0 0 0 0 0 0 0 0 0 0 0 0 0 
0 0 0 0 0 0 0 0 0 0 0 0 0 0 0 0 0 0 0 0 0 0 0 0 0 0 0 0 0 0 0 0 0 0 0 0 0 0 0 0 0 0 0 0 0 0 0 0 0 0 0 0 0 0 0 0 0 0 0 0 0 0 0 0 0 0 0 0 0 0 0 0 0 0 0 0 0 0 0 0 0 0 0 0 0 0 0 0 0 0 
0 0 0 0 0 0 0 0 0 0 0 0 0 0 0 0 0 0 0 0 0 0 0 0 0 0 0 0 0 0 0 0 0 0 0 0 0 0 0 0 0 0 0 0 0 0 0 0 0 0 0 0 0 0 0 0 0 0 0 0 0 0 0 0 0 0 0 0 0 0 0 0 0 0 0 0 0 0 0 0 0 0 0 0 0 0 0 0 0 0 
0 0 0 0 0 0 0 0 0 0 0 0 0 0 0 0 0 0 0 0 0 0 0 0 0 0 0 0 0 0 0 0 0 0 0 0 0 0 0 0 0 0 0 0 0 0 0 0 0 0 0 0 0 0 0 0 0 0 0 0 0 0 0 0 0 0 0 0 0 0 0 0 0 0 0 0 0 0 0 0 0 0 0 0 0 0 0 0 0 0 
0 0 0 0 0 0 0 0 0 0 0 0 0 0 0 0 0 0 0 0 0 0 0 0 0 0 0 0 0 0 0 0 0 0 0 0 0 0 0 0 0 0 0 0 0 0 0 0 0 0 0 0 0 0 0 0 0 0 0 0 0 0 0 0 0 0 0 0 0 0 0 0 0 0 0 0 0 0 0 0 0 0 0 0 0 0 0 0 0 0 
0 0 0 0 0 0 0 0 0 0 0 0 0 0 0 0 0 0 0 0 0 0 0 0 0 0 0 0 0 0 0 0 0 0 0 0 0 0 0 0 0 0 0 0 0 0 0 0 0 0 0 0 0 0 0 0 0 0 0 0 0 0 0 0 0 0 0 0 0 0 0 0 0 0 0 0 0 0 0 0 0 0 0 0 0 0 0 0 0 0 
0 0 0 0 0 0 0 0 0 0 0 0 0 0 0 0 0 0 0 0 0 0 0 0 0 0 0 0 0 0 0 0 0 0 0 0 0 0 0 0 0 0 0 0 0 0 0 0 0 0 0 0 0 0 0 0 0 0 0 0 0 0 0 0 0 0 0 0 0 0 0 0 0 0 0 0 0 0 0 0 0 0 0 0 0 0 0 0 0 0 
0 0 0 0 0 0 0 0 0 0 0 0 0 0 0 0 0 0 0 0 0 0 0 0 0 0 0 0 0 0 0 0 0 0 0 0 0 0 0 0 0 0 0 0 0 0 0 0 0 0 0 0 0 0 0 0 0 0 0 0 0 0 0 0 0 0 0 0 0 0 0 0 0 0 0 0 0 0 0 0 0 0 0 0 0 0 0 0 0 0 
0 0 0 0 0 0 0 0 0 0 0 0 0 0 0 0 0 0 0 0 0 0 0 0 0 0 0 0 0 0 0 0 0 0 0 0 0 0 0 0 0 0 0 0 0 0 0 0 0 0 0 0 0 0 0 0 0 0 0 0 0 0 0 0 0 0 0 0 0 0 0 0 0 0 0 0 0 0 0 0 0 0 0 0 0 0 0 0 0 0 
0 0 0 0 0 0 0 0 0 0 0 0 0 0 0 0 0 0 0 0 0 0 0 0 0 0 0 0 0 0 0 0 0 0 0 0 0 0 0 0 0 0 0 0 0 0 0 0 0 0 0 0 0 0 0 0 0 0 0 0 0 0 0 0 0 0 0 0 0 0 0 0 0 0 0 0 0 0 0 0 0 0 0 0 0 0 0 0 0 0 
0 0 0 0 0 0 0 0 0 0 0 0 0 0 0 0 0 0 0 0 0 0 0 0 0 0 0 0 0 0 0 0 0 0 0 0 0 0 0 0 0 0 0 0 0 0 0 0 0 0 0 0 0 0 0 0 0 0 0 0 0 0 0 0 0 0 0 0 0 0 0 0 0 0 0 0 0 0 0 0 0 0 0 0 0 0 0 0 0 0 
0 0 0 0 0 0 0 0 0 0 0 0 0 0 0 0 0 0 0 0 0 0 0 0 0 0 0 0 0 0 0 0 0 0 0 0 0 0 0 0 0 0 0 0 0 0 0 0 0 0 0 0 0 0 0 0 0 0 0 0 0 0 0 0 0 0 0 0 0 0 0 0 0 0 0 0 0 0 0 0 0 0 0 0 0 0 0 0 0 0 
0 0 0 0 0 0 0 0 0 0 0 0 0 0 0 0 0 0 0 0 0 0 0 0 0 0 0 0 0 0 0 0 0 0 0 0 0 0 0 0 0 0 0 0 0 0 0 0 0 0 0 0 0 0 0 0 0 0 0 0 0 0 0 0 0 0 0 0 0 0 0 0 0 0 0 0 0 0 0 0 0 0 0 0 0 0 0 0 0 0 
0 0 0 0 0 0 0 0 0 0 0 0 0 0 0 0 0 0 0 0 0 0 0 0 0 0 0 0 0 0 0 0 0 0 0 0 0 0 0 0 0 0 0 0 0 0 0 0 0 0 0 0 0 0 0 0 0 0 0 0 0 0 0 0 0 0 0 0 0 0 0 0 0 0 0 0 0 0 0 0 0 0 0 0 0 0 0 0 0 0 
0 0 0 0 0 0 0 0 0 0 0 0 0 0 0 0 0 0 0 0 0 0 0 0 0 0 0 0 0 0 0 0 0 0 0 0 0 0 0 0 0 0 0 0 0 0 0 0 0 0 0 0 0 0 0 0 0 0 0 0 0 0 0 0 0 0 0 0 0 0 0 0 0 0 0 0 0 0 0 0 0 0 0 0 0 0 0 0 0 0 
0 0 0 0 0 0 0 0 0 0 0 0 0 0 0 0 0 0 0 0 0 0 0 0 0 0 0 0 0 0 0 0 0 0 0 0 0 0 0 0 0 0 0 0 0 0 0 0 0 0 0 0 0 0 0 0 0 0 0 0 0 0 0 0 0 0 0 0 0 0 0 0 0 0 0 0 0 0 0 0 0 0 0 0 0 0 0 0 0 0 
0 0 0 0 0 0 0 0 0 0 0 0 0 0 0 0 0 0 0 0 0 0 0 0 0 0 0 0 0 0 0 0 0 0 0 0 0 0 0 0 0 0 0 0 0 0 0 0 0 0 0 0 0 0 0 0 0 0 0 0 0 0 0 0 0 0 0 0 0 0 0 0 0 0 0 0 0 0 0 0 0 0 0 0 0 0 0 0 0 0 
0 0 0 0 0 0 0 0 0 0 0 0 0 0 0 0 0 0 0 0 0 0 0 0 0 0 0 0 0 0 0 0 0 0 0 0 0 0 0 0 0 0 0 0 0 0 0 0 0 0 0 0 0 0 0 0 0 0 0 0 0 0 0 0 0 0 0 0 0 0 0 0 0 0 0 0 0 0 0 0 0 0 0 0 0 0 0 0 0 0 
0 0 0 0 0 0 0 0 0 0 0 0 0 0 0 0 0 0 0 0 0 0 0 0 0 0 0 0 0 0 0 0 0 0 0 0 0 0 0 0 0 0 0 0 0 0 0 0 0 0 0 0 0 0 0 0 0 0 0 0 0 0 0 0 0 0 0 0 0 0 0 0 0 0 0 0 0 0 0 0 0 0 0 0 0 0 0 0 0 0 
0 0 0 0 0 0 0 0 0 0 0 0 0 0 0 0 0 0 0 0 0 0 0 0 0 0 0 0 0 0 0 0 0 0 0 0 0 0 0 0 0 0 0 0 0 0 0 0 0 0 0 0 0 0 0 0 0 0 0 0 0 0 0 0 0 0 0 0 0 0 0 0 0 0 0 0 0 0 0 0 0 0 0 0 0 0 0 0 0 0 
0 0 0 0 0 0 0 0 0 0 0 0 0 0 0 0 0 0 0 0 0 0 0 0 0 0 0 0 0 0 0 0 0 0 0 0 0 0 0 0 0 0 0 0 0 0 0 0 0 0 0 0 0 0 0 0 0 0 0 0 0 0 0 0 0 0 0 0 0 0 0 0 0 0 0 0 0 0 0 0 0 0 0 0 0 0 0 0 0 0 
0 0 0 0 0 0 0 0 0 0 0 0 0 0 0 0 0 0 0 0 0 0 0 0 0 0 0 0 0 0 0 0 0 0 0 0 0 0 0 0 0 0 0 0 0 0 0 0 0 0 0 0 0 0 0 0 0 0 0 0 0 0 0 0 0 0 0 0 0 0 0 0 0 0 0 0 0 0 0 0 0 0 0 0 0 0 0 0 0 0 
0 0 0 0 0 0 0 0 0 0 0 0 0 0 0 0 0 0 0 0 0 0 0 0 0 0 0 0 0 0 0 0 0 0 0 0 0 0 0 0 0 0 0 0 0 0 0 0 0 0 0 0 0 0 0 0 0 0 0 0 0 0 0 0 0 0 0 0 0 0 0 0 0 0 0 0 0 0 0 0 0 0 0 0 0 0 0 0 0 0 
0 0 0 0 0 0 0 0 0 0 0 0 0 0 0 0 0 0 0 0 0 0 0 0 0 0 0 0 0 0 0 0 0 0 0 0 0 0 0 0 0 0 0 0 0 0 0 0 0 0 0 0 0 0 0 0 0 0 0 0 0 0 0 0 0 0 0 0 0 0 0 0 0 0 0 0 0 0 0 0 0 0 0 0 0 0 0 0 0 0 
0 0 0 0 0 0 0 0 0 0 0 0 0 0 0 0 0 0 0 0 0 0 0 0 0 0 0 0 0 0 0 0 0 0 0 0 0 0 0 0 0 0 0 0 0 0 0 0 0 0 0 0 0 0 0 0 0 0 0 0 0 0 0 0 0 0 0 0 0 0 0 0 0 0 0 0 0 0 0 0 0 0 0 0 0 0 0 0 0 0 
0 0 0 0 0 0 0 0 20300283.22 2.666036771e+11 2.689361851e+11 4.142109617e+11 2.574429593e+11 2.681009151e+11 3.35002909e+11 4.553976529e+11 3.354831422e+11 2.825440729e+11 3.387685179e+11 3.847096716e+11 3.845277123e+11 2.62545625e+11 3.313485495e+11 2.564556006e+11 3.146036018e+11 2.539736999e+11 3.385190685e+11 2.463443957e+11 3.57233339e+11 3.578866755e+11 2.387014284e+11 2.899524267e+11 2.241246869e+11 2.386276311e+11 2.222884e+11 2.226010945e+11 2.767972227e+11 2.788202977e+11 2.150929274e+11 2.039648666e+11 3.086975445e+11 2.776486848e+11 1.998918826e+11 2.013197165e+11 2.900467749e+11 1.769228821e+11 1.739033628e+11 1.786984978e+11 1.680359942e+11 1.630240963e+11 1.504557208e+11 1.521195216e+11 1.598684316e+11 1.507914662e+11 1.395409304e+11 1.533183437e+11 1.503254811e+11 1.40974748e+11 1.487820107e+11 1.4032533e+11 1.402097165e+11 1.435137608e+11 1.463086617e+11 1.531819426e+11 1.452539193e+11 1.519285909e+11 1.590013859e+11 1.468233841e+11 1.486450067e+11 1.443891305e+11 1.442832383e+11 1.421784472e+11 1.414636742e+11 1.522955658e+11 1.487855671e+11 1.476309275e+11 1.391336333e+11 1.436555577e+11 1.314331632e+11 1.219763798e+11 1.897393186e+11 0 0 0 0 0 0 0 0 0 
0 0 0 0 0 0 0 0 0 3.962977911e+11 4.071377177e+11 4.84686205e+11 4.132089827e+11 4.291552641e+11 4.668638501e+11 4.95993599e+11 4.160255957e+11 4.798104865e+11 4.175626605e+11 4.037541194e+11 4.039665582e+11 3.767911334e+11 4.448121106e+11 4.165476784e+11 5.340981614e+11 3.54536476e+11 4.728586664e+11 5.277947271e+11 5.603204251e+11 3.412880151e+11 4.227227754e+11 5.050509885e+11 3.805659025e+11 3.899682182e+11 5.585734812e+11 3.477651304e+11 6.545367806e+11 4.425011552e+11 2.950656295e+11 3.166211005e+11 3.677559055e+11 3.743893248e+11 2.844584371e+11 2.600607321e+11 2.527474182e+11 3.405955538e+11 2.372459837e+11 2.836291802e+11 2.250032991e+11 2.311854526e+11 2.1837115e+11 2.250892463e+11 3.227668063e+11 2.160754346e+11 2.087747232e+11 1.974483008e+11 2.071444023e+11 2.071531493e+11 2.118559095e+11 2.07659162e+11 2.051515534e+11 2.071199943e+11 2.111080906e+11 2.019784712e+11 2.01120654e+11 2.742070649e+11 2.181767033e+11 2.145549496e+11 2.180849158e+11 2.055735411e+11 2.07839315e+11 2.091797538e+11 2.099177404e+11 2.095133635e+11 2.052487785e+11 2.039331464e+11 2.012728848e+11 2.058308849e+11 1.966448309e+11 1.717401155e+11 1.974818678e+11 0 0 0 0 0 0 0 0 0 
0 0 0 0 0 0 0 0 0 4.782914749e+11 5.992732399e+11 4.940361429e+11 6.89910628e+11 6.483637668e+11 5.223472482e+11 6.685179809e+11 5.233325378e+11 5.919245604e+11 6.606295979e+11 5.008982085e+11 5.01994212e+11 4.764131139e+11 4.968467237e+11 4.938249448e+11 4.63066431e+11 4.657792851e+11 4.297370494e+11 5.275710575e+11 4.176028937e+11 6.190660809e+11 3.8073433e+11 3.810913314e+11 4.497331184e+11 5.927856842e+11 4.71582949e+11 3.636655332e+11 3.69853855e+11 4.204356727e+11 3.447145863e+11 4.319903219e+11 4.259321736e+11 3.918756652e+11 3.606108554e+11 3.472088615e+11 3.764485517e+11 3.561439973e+11 7.183634997e+11 4.214214344e+11 3.178966979e+11 3.215996825e+11 3.180238648e+11 3.074929455e+11 3.005273029e+11 2.992405091e+11 2.985344361e+11 3.001588249e+11 2.984865087e+11 3.005891493e+11 2.979805125e+11 2.997819015e+11 3.008587284e+11 2.985846922e+11 3.000214115e+11 3.106107007e+11 2.988135428e+11 3.157841339e+11 3.207756397e+11 3.229130751e+11 3.195068617e+11 3.241382839e+11 4.158693352e+11 4.147880957e+11 5.154790535e+11 3.175960647e+11 3.558940256e+11 3.782316335e+11 3.109256347e+11 2.949413207e+11 2.798322438e+11 3.567757977e+11 3.755277601e+11 0 0 0 0 0 0 0 0 0 
0 0 0 0 0 0 0 0 0 4.435628358e+11 5.755387502e+11 4.711022406e+11 6.498539168e+11 5.041437033e+11 5.738541901e+11 5.628508545e+11 4.802260728e+11 5.456685226e+11 4.91555173e+11 4.661808228e+11 4.52894709e+11 5.142140941e+11 4.661208119e+11 3.918870585e+11 3.556789805e+11 2.960881869e+11 2.649245981e+11 3.208639417e+11 2.324012101e+11 2.270678979e+11 2.273811824e+11 2.154732253e+11 2.08472453e+11 2.16143717e+11 2.134494933e+11 2.743427976e+11 2.022178156e+11 2.061518601e+11 2.04692787e+11 2.008484812e+11 2.176889927e+11 2.422092386e+11 2.917622182e+11 3.117182264e+11 3.483124171e+11 3.500318713e+11 3.597551321e+11 3.382631677e+11 3.723518599e+11 3.554297662e+11 3.052151533e+11 2.993761517e+11 2.83531503e+11 4.138037393e+11 2.855276785e+11 2.884433187e+11 2.920596427e+11 4.01689267e+11 4.130921173e+11 2.998245727e+11 4.100676039e+11 3.059952232e+11 2.985746129e+11 3.045405816e+11 3.053932402e+11 3.12018213e+11 3.226777492e+11 3.733570214e+11 3.30552277e+11 4.844259404e+11 4.882642218e+11 3.385778725e+11 4.309832428e+11 3.419498199e+11 3.4250154e+11 5.377095632e+11 3.382820789e+11 3.296691155e+11 3.056563999e+11 3.015695465e+11 2.97342268e+11 0 0 0 0 0 0 0 0 0 
0 0 0 0 0 0 0 0 0 4.15116205e+11 6.625253927e+11 5.1185582e+11 5.919601627e+11 4.48661466e+11 4.52361337e+11 5.201759866e+11 4.242473442e+11 4.328188258e+11 5.061173105e+11 5.259698769e+11 4.814876155e+11 4.156439575e+11 3.566280736e+11 3.344907818e+11 4.092457659e+11 2.808296537e+11 1.786599767e+11 1.488010783e+11 1.38980325e+11 1.537931632e+11 1.414540605e+11 2.085784771e+11 1.438555839e+11 1.452584909e+11 1.442131874e+11 2.215577726e+11 1.388225375e+11 1.448328783e+11 1.309197697e+11 1.33032936e+11 1.416157135e+11 1.84301079e+11 2.259276795e+11 2.568552524e+11 2.815258555e+11 3.018675715e+11 2.894943949e+11 2.859435769e+11 2.569934827e+11 2.33370265e+11 3.179507086e+11 2.467974657e+11 1.997745954e+11 4.712689917e+11 2.981143364e+11 3.097968613e+11 1.968681057e+11 2.035394633e+11 3.178985423e+11 2.069548335e+11 3.428094809e+11 3.275326709e+11 2.136655789e+11 2.192605384e+11 2.327342726e+11 2.288760366e+11 2.385255514e+11 2.478466653e+11 2.520138078e+11 3.073183775e+11 2.590324908e+11 2.636086713e+11 2.734109361e+11 2.637027229e+11 2.662345435e+11 2.7583406e+11 2.737926984e+11 3.366805443e+11 2.516251291e+11 2.442415028e+11 2.330277366e+11 0 0 0 0 0 0 0 0 0 
0 0 0 0 0 0 0 0 0 3.587555348e+11 3.825115773e+11 3.929404561e+11 3.942133434e+11 4.071821231e+11 4.098114636e+11 4.036826812e+11 3.981743535e+11 3.944227359e+11 4.810265351e+11 4.925330655e+11 4.21149331e+11 3.825551796e+11 4.009180118e+11 3.217166892e+11 2.777317152e+11 2.137422666e+11 1.642555516e+11 1.396080192e+11 1.864462595e+11 1.52756603e+11 1.435881651e+11 2.57443152e+11 1.411721955e+11 1.350195998e+11 1.377201865e+11 1.377482179e+11 1.390091604e+11 1.309161674e+11 1.292188427e+11 1.260565814e+11 1.307844644e+11 1.638415972e+11 2.04644685e+11 2.374770861e+11 2.77956334e+11 2.840539418e+11 2.954831771e+11 3.351620307e+11 2.495038879e+11 2.116628228e+11 1.960871278e+11 1.935813491e+11 1.914889223e+11 2.877264075e+11 2.577538809e+11 3.680156557e+11 3.200707985e+11 1.863415125e+11 3.986469704e+11 2.047083112e+11 2.06454332e+11 2.028342712e+11 2.101888206e+11 2.044187776e+11 2.109831538e+11 3.000312551e+11 2.897212077e+11 2.126194895e+11 2.2691993e+11 2.291240756e+11 2.335925423e+11 2.378544294e+11 2.347160342e+11 2.357158785e+11 2.382744859e+11 2.333413504e+11 2.304297892e+11 2.256989258e+11 2.068345441e+11 1.948961275e+11 1.817902581e+11 0 0 0 0 0 0 0 0 0 
0 0 0 0 0 0 0 0 0 3.279087538e+11 3.542648725e+11 4.124867531e+11 3.479424106e+11 3.715036065e+11 3.705053263e+11 3.729755461e+11 4.344152259e+11 3.553699652e+11 3.651908094e+11 3.866836215e+11 3.867035858e+11 4.673452e+11 3.061067709e+11 3.943119675e+11 3.518150554e+11 1.785679026e+11 1.321755897e+11 1.167780435e+11 2.217548593e+11 1.164544737e+11 1.298638187e+11 1.229058881e+11 1.173304356e+11 3.970982716e+11 1.227760508e+11 1.331551817e+11 1.86897457e+11 1.138268099e+11 1.082439225e+11 1.051989763e+11 1.061549518e+11 1.355394054e+11 1.807946371e+11 2.358282437e+11 2.665017267e+11 2.84057208e+11 2.879542961e+11 3.370624314e+11 2.991380403e+11 2.211691792e+11 1.957904462e+11 3.076384785e+11 2.979892397e+11 1.837377171e+11 2.889371036e+11 1.762690995e+11 1.651664097e+11 1.751478085e+11 1.906657366e+11 2.045863091e+11 1.990394138e+11 1.954349237e+11 1.993724607e+11 1.996829136e+11 2.107398449e+11 2.230866588e+11 2.272351595e+11 2.313812054e+11 2.299211271e+11 5.252628967e+11 2.303031992e+11 2.316559676e+11 2.389840662e+11 2.384552394e+11 2.263036675e+11 2.340219418e+11 2.200345683e+11 2.232059407e+11 2.000205083e+11 1.866855529e+11 1.687253071e+11 304653.0538 0 0 0 0 0 0 0 0 
0 0 0 0 0 0 0 0 0 3.168398928e+11 3.279659517e+11 4.427031982e+11 3.241027868e+11 3.435570996e+11 3.433071942e+11 3.459813386e+11 3.424957607e+11 3.486845243e+11 3.629568869e+11 3.676702825e+11 4.253496206e+11 3.228595818e+11 2.852065138e+11 2.563137262e+11 3.281477954e+11 1.631024885e+11 1.656719939e+11 9.54333324e+10 9.595663629e+10 9.812452424e+10 9.79028534e+10 2.219207345e+11 1.008952258e+11 1.042488917e+11 1.56374697e+11 9.474824687e+10 1.490926896e+11 9.915691366e+10 8.694736337e+10 1.572775036e+11 9.830210061e+10 1.295045629e+11 1.707167116e+11 2.109004398e+11 2.666659245e+11 2.75486916e+11 2.862252834e+11 2.822278496e+11 2.461401975e+11 2.120579876e+11 1.863660503e+11 4.125848297e+11 1.684225363e+11 1.792800071e+11 1.714460594e+11 1.641507541e+11 1.698599666e+11 1.676746742e+11 2.847169099e+11 1.879374598e+11 1.932282158e+11 2.829181029e+11 1.932114491e+11 3.066576153e+11 1.943317848e+11 2.087373503e+11 2.046766404e+11 2.202563452e+11 2.908567374e+11 3.439530552e+11 2.318405365e+11 2.43267921e+11 2.310452396e+11 2.3277329e+11 2.432936329e+11 2.346177519e+11 2.237433815e+11 2.278226517e+11 2.051706821e+11 1.861110708e+11 1.704659318e+11 0 0 0 0 0 0 0 0 0 
0 0 0 0 0 0 0 0 0 3.128905086e+11 3.177700169e+11 3.314281819e+11 3.307769472e+11 4.294733911e+11 3.373887306e+11 4.348492242e+11 3.529496088e+11 3.392423531e+11 3.8537152e+11 4.583117292e+11 3.511877663e+11 3.078984037e+11 3.931791061e+11 2.990540538e+11 3.60568489e+11 1.620065478e+11 2.532553451e+11 8.620011886e+10 2.032892766e+11 9.01660738e+10 1.045984387e+11 9.873171537e+10 9.857731433e+10 9.464387934e+10 9.855750719e+10 9.083387575e+10 9.948122574e+10 9.209983136e+10 8.261260401e+10 8.625748313e+10 9.293327724e+10 1.176175633e+11 3.271884752e+11 3.738121556e+11 2.689040396e+11 2.752729746e+11 2.882747523e+11 2.562787166e+11 2.528444663e+11 2.07161674e+11 1.661080196e+11 2.949545236e+11 5.145995029e+11 2.816993915e+11 1.78172277e+11 1.618406376e+11 1.647061306e+11 1.555000544e+11 1.754857984e+11 1.71711992e+11 1.861725866e+11 1.871096206e+11 1.844174237e+11 1.861196132e+11 2.804055236e+11 2.123838545e+11 2.075725178e+11 2.157145152e+11 2.959763348e+11 3.046086856e+11 2.289381053e+11 3.370885453e+11 2.370769786e+11 3.507490244e+11 2.280874549e+11 2.325346796e+11 2.234002328e+11 3.134859114e+11 1.955370059e+11 1.863235391e+11 1.708631235e+11 0 0 0 0 0 0 0 0 0 
0 0 0 0 0 0 0 0 0 3.041220666e+11 3.11285542e+11 3.182736906e+11 3.188160363e+11 3.323683473e+11 3.435191421e+11 3.497791348e+11 3.481528831e+11 3.319327923e+11 3.394300295e+11 3.703607741e+11 3.337373147e+11 3.051691701e+11 2.671925211e+11 4.983327784e+11 2.169660886e+11 2.294423845e+11 1.091201962e+11 8.767143848e+10 9.038869215e+10 9.358024492e+10 9.57354708e+10 9.634364877e+10 8.991821921e+10 9.721512761e+10 1.545384382e+11 9.398923402e+10 9.541656946e+10 9.226024134e+10 8.464973317e+10 7.806465831e+10 8.924305052e+10 1.279251538e+11 1.809671046e+11 2.199004595e+11 2.664639248e+11 2.74881771e+11 2.766510545e+11 2.778216153e+11 2.497577339e+11 2.152656938e+11 1.811731126e+11 1.681789028e+11 1.687836953e+11 3.550731393e+11 2.920020493e+11 1.652850768e+11 1.667557369e+11 1.660950921e+11 1.771572404e+11 1.747295011e+11 1.77929857e+11 1.824984688e+11 1.808546676e+11 1.900952896e+11 2.013605977e+11 2.120693517e+11 2.076797539e+11 2.09385916e+11 2.998714141e+11 3.305289943e+11 3.404823163e+11 2.365700176e+11 3.177551882e+11 3.268802429e+11 2.38396095e+11 3.364336291e+11 2.123712501e+11 2.082116324e+11 1.952548378e+11 1.903842109e+11 1.710248128e+11 0 0 0 0 0 0 0 0 0 
0 0 0 0 0 0 0 0 0 3.301236097e+11 3.24536958e+11 3.26105141e+11 3.402394063e+11 5.507756796e+11 3.383511289e+11 3.328209588e+11 3.362887404e+11 3.387145022e+11 3.567097708e+11 3.694438214e+11 3.499312108e+11 3.022429189e+11 2.751947864e+11 2.503558118e+11 2.166752628e+11 2.420982499e+11 1.187196302e+11 9.245797676e+10 9.480627969e+10 1.010998951e+11 1.009505264e+11 9.867307053e+10 9.818836809e+10 9.078444319e+10 1.713883425e+11 9.73275022e+10 9.576629604e+10 9.471714269e+10 9.12552402e+10 8.4511592e+10 2.109668593e+11 1.218408814e+11 1.696577116e+11 2.284548462e+11 2.717172989e+11 2.807708839e+11 2.765509661e+11 2.738740339e+11 2.458186899e+11 2.058254585e+11 1.824285969e+11 1.781475109e+11 4.101264106e+11 1.681348705e+11 1.679611374e+11 2.397651858e+11 1.594249087e+11 1.578393864e+11 1.72390664e+11 2.262278204e+11 1.872662856e+11 1.806764639e+11 2.679857251e+11 1.825031798e+11 2.463557812e+11 2.016024838e+11 2.015011398e+11 2.141002582e+11 3.238714992e+11 2.172422054e+11 2.275289209e+11 2.425769394e+11 3.394489872e+11 3.329706366e+11 3.288030389e+11 2.289492403e+11 3.355632704e+11 2.116374912e+11 2.032896862e+11 1.823599709e+11 1.700101967e+11 0 0 0 0 0 0 0 0 0 
0 0 0 0 0 0 0 0 0 4.786048848e+11 5.235165329e+11 3.435994891e+11 3.692341152e+11 5.57253619e+11 3.621779075e+11 3.672585444e+11 3.530709121e+11 3.424052645e+11 3.559018547e+11 4.661308021e+11 3.781404822e+11 3.183061245e+11 2.863026919e+11 2.616680934e+11 2.330808656e+11 1.736736138e+11 1.39460058e+11 1.052112053e+11 1.059046695e+11 1.136155555e+11 1.154160459e+11 1.10289773e+11 1.120652055e+11 1.092628489e+11 2.539962992e+11 1.140559365e+11 1.09855551e+11 1.104722252e+11 1.064174893e+11 9.763551855e+10 1.098358168e+11 1.336570347e+11 1.783794888e+11 2.398080706e+11 2.900959409e+11 2.947961439e+11 2.906392271e+11 2.853422209e+11 2.426460951e+11 2.126340426e+11 3.107324823e+11 3.004186648e+11 1.913753963e+11 1.869007585e+11 2.866812586e+11 2.471408694e+11 2.249939565e+11 2.15592704e+11 1.821109776e+11 2.968902148e+11 2.121013738e+11 2.066219095e+11 1.931082198e+11 2.381905856e+11 2.155890801e+11 2.129757244e+11 2.056773041e+11 2.273312288e+11 2.224722218e+11 2.224044039e+11 2.288427106e+11 5.414585378e+11 4.528528424e+11 2.321663478e+11 2.377119822e+11 2.227403029e+11 2.232298662e+11 2.173673255e+11 2.011866729e+11 1.926118725e+11 1.794525165e+11 0 0 0 0 0 0 0 0 0 
0 0 0 0 0 0 0 0 0 6.603726198e+11 4.989897088e+11 5.423551485e+11 5.896563285e+11 3.695888035e+11 7.261526566e+11 3.953163264e+11 3.890662162e+11 4.775105188e+11 5.922053965e+11 6.441720719e+11 4.147868758e+11 3.557173783e+11 3.344698455e+11 4.407915942e+11 3.44884825e+11 2.0331637e+11 1.695451247e+11 1.404168017e+11 1.827799168e+11 1.416417668e+11 1.407198271e+11 2.23460214e+11 1.484668932e+11 3.533782447e+11 1.3669143e+11 1.863582803e+11 1.324744337e+11 1.280900624e+11 1.839229615e+11 2.024907101e+11 2.115265587e+11 2.314360691e+11 1.991154402e+11 2.477329403e+11 3.977296554e+11 2.740426816e+11 2.989030623e+11 2.787425566e+11 2.727370748e+11 2.325875165e+11 2.002494147e+11 1.951385675e+11 1.96513245e+11 1.894065022e+11 1.841589916e+11 1.807286369e+11 2.661505605e+11 2.307018492e+11 3.519544378e+11 2.070890853e+11 2.093085829e+11 2.060603053e+11 1.939797416e+11 3.408917804e+11 4.367976587e+11 2.188418486e+11 2.238508921e+11 2.316199777e+11 2.299826918e+11 4.127461955e+11 2.40942707e+11 2.292277209e+11 2.321974502e+11 3.43773082e+11 2.328801566e+11 2.281246296e+11 2.322359822e+11 2.017596434e+11 2.011733557e+11 2.713408584e+11 1.776903143e+11 0 0 0 0 0 0 0 0 0 
0 0 0 0 0 0 0 0 0 3.945079249e+11 4.006277588e+11 6.103015085e+11 6.481954043e+11 4.279809099e+11 5.40135225e+11 7.792574671e+11 4.298392828e+11 6.619174769e+11 6.137998497e+11 4.418478935e+11 6.921489908e+11 5.67082498e+11 3.500893025e+11 3.272553537e+11 3.659636592e+11 2.968618549e+11 3.307732987e+11 1.463316792e+11 1.341447368e+11 1.41871827e+11 3.155037621e+11 1.369398992e+11 1.378089844e+11 1.405029805e+11 1.357064703e+11 1.351323949e+11 1.217221134e+11 1.348803176e+11 1.215685137e+11 1.327070018e+11 1.47371802e+11 1.781205587e+11 2.279326384e+11 3.356391841e+11 3.79722569e+11 2.987919452e+11 3.649210779e+11 3.584081201e+11 4.44420008e+11 2.165477759e+11 3.201667117e+11 3.15544827e+11 1.988612602e+11 1.916785247e+11 2.578485502e+11 1.796404691e+11 1.777065386e+11 1.843054301e+11 1.912584275e+11 2.028286264e+11 2.03795304e+11 3.172539605e+11 1.924310768e+11 3.058713165e+11 2.108183078e+11 2.169710219e+11 3.00415092e+11 2.207846832e+11 5.099140638e+11 3.130319854e+11 2.452854504e+11 2.453688015e+11 3.542817502e+11 2.414473442e+11 3.610816433e+11 2.573528404e+11 2.619610703e+11 3.283590515e+11 3.109805723e+11 3.09752231e+11 3.25521181e+11 0 0 0 0 0 0 0 0 0 
0 0 0 0 0 0 0 0 167398778.8 4.52367265e+11 4.605768128e+11 5.419438456e+11 6.890571439e+11 5.641120008e+11 4.812592552e+11 4.724068002e+11 5.349968299e+11 6.09498792e+11 6.51679612e+11 5.896554509e+11 4.760636402e+11 6.30642966e+11 4.647024474e+11 4.994919032e+11 3.975529017e+11 3.771036039e+11 2.304637346e+11 2.004762504e+11 1.931780204e+11 1.885154759e+11 1.75522197e+11 1.781992879e+11 1.732029855e+11 1.701949852e+11 1.724721767e+11 2.417757665e+11 1.65976156e+11 2.454087144e+11 1.63303624e+11 1.696929579e+11 1.81896515e+11 2.097766402e+11 2.638005473e+11 4.4662792e+11 3.892553043e+11 3.292810085e+11 3.380369236e+11 3.916263896e+11 3.010162166e+11 2.805390695e+11 3.452050048e+11 3.485839602e+11 2.78548855e+11 2.752936349e+11 3.919025451e+11 2.608429758e+11 5.918242789e+11 2.589545621e+11 3.53375232e+11 2.683839146e+11 3.919146698e+11 2.627240226e+11 3.852803021e+11 2.866224308e+11 2.787386496e+11 2.858718241e+11 3.90398785e+11 4.010049701e+11 3.11317834e+11 4.034883694e+11 3.146625359e+11 4.434408102e+11 3.187699829e+11 3.175750134e+11 3.783890214e+11 3.10569127e+11 4.354478339e+11 3.300403938e+11 3.140671783e+11 2.945429695e+11 2.998045016e+11 0 0 0 0 0 0 0 0 0 
0 0 0 0 0 0 0 0 0 4.281516264e+11 5.657442238e+11 5.657262204e+11 4.438484113e+11 5.008857981e+11 5.894677696e+11 6.456603974e+11 4.505526879e+11 4.989594912e+11 4.472683096e+11 4.404976181e+11 5.145093287e+11 6.538650533e+11 4.128436754e+11 4.96800622e+11 3.999778566e+11 3.837792989e+11 5.765914628e+11 3.692636394e+11 3.568237804e+11 3.372812462e+11 3.183169313e+11 4.07024937e+11 3.179824876e+11 4.327570499e+11 3.124317863e+11 2.971315631e+11 2.938857343e+11 2.870424633e+11 4.466177207e+11 2.986427338e+11 2.962759888e+11 2.903213434e+11 2.907041104e+11 2.99894426e+11 4.497921484e+11 3.934474645e+11 3.130661728e+11 3.030091082e+11 2.903125273e+11 2.809239983e+11 2.948973466e+11 2.889776995e+11 2.82374417e+11 4.017617828e+11 2.783163778e+11 2.793307236e+11 2.687402916e+11 2.544226231e+11 2.653454899e+11 3.74065453e+11 2.78000188e+11 2.597240008e+11 2.814588899e+11 2.87239922e+11 2.890370256e+11 2.829816452e+11 2.784352473e+11 2.963192859e+11 3.872135764e+11 2.959227894e+11 3.045458771e+11 2.914116959e+11 2.768355855e+11 4.021477165e+11 3.340018302e+11 3.927650348e+11 3.432768113e+11 3.367676908e+11 2.858775645e+11 2.8133906e+11 5.981284712e+11 0 0 0 0 0 0 0 0 0 
0 0 0 0 0 0 0 0 0 5.741771397e+11 7.196347313e+11 4.017040082e+11 5.02342696e+11 3.872275598e+11 5.008882764e+11 4.779404261e+11 4.814017659e+11 4.962120185e+11 3.760760385e+11 3.63737133e+11 5.623453469e+11 3.527245024e+11 3.423975627e+11 3.403207104e+11 3.407009246e+11 3.301356819e+11 4.373644043e+11 3.29041232e+11 3.221266628e+11 4.787225754e+11 3.905808407e+11 6.117730229e+11 4.406239834e+11 3.568159017e+11 3.571301419e+11 2.978046393e+11 2.739124714e+11 3.537481247e+11 2.775613714e+11 3.557620464e+11 3.825528272e+11 2.575735723e+11 3.568874948e+11 2.49209122e+11 3.13975194e+11 2.461953606e+11 2.391580182e+11 2.428855569e+11 2.285987609e+11 2.327451248e+11 2.26830013e+11 2.258198975e+11 2.130811928e+11 2.051343295e+11 2.079583095e+11 1.949408401e+11 2.028561345e+11 1.942617643e+11 1.998946653e+11 2.070176289e+11 1.998301978e+11 2.069852658e+11 1.971480479e+11 2.087526202e+11 2.174838035e+11 2.103462302e+11 2.131410774e+11 2.211042474e+11 2.196544216e+11 2.679697761e+11 2.005044588e+11 2.071840044e+11 2.195378938e+11 2.076222463e+11 2.048840184e+11 2.088773102e+11 2.09127075e+11 2.513556526e+11 2.508205816e+11 1.946953254e+11 3.014676006e+11 0 0 0 0 0 0 0 0 0 
0 0 0 0 0 0 0 0 0 3.824080727e+11 3.207218417e+11 5.199470737e+11 3.200937943e+11 3.691640166e+11 3.011589559e+11 3.007697361e+11 2.949142966e+11 2.828489589e+11 3.586781784e+11 2.783018598e+11 2.847816971e+11 2.781752537e+11 2.5262056e+11 2.713643065e+11 3.413562858e+11 2.693041115e+11 2.609337657e+11 3.3116036e+11 6.716544001e+11 3.589608313e+11 2.440222729e+11 4.10391519e+11 3.26622114e+11 3.219244694e+11 2.408869613e+11 2.403330964e+11 2.286411061e+11 2.204796198e+11 2.642145899e+11 2.1135249e+11 2.147952199e+11 3.182122634e+11 1.982337793e+11 2.678832094e+11 1.938375504e+11 1.900833799e+11 1.907028282e+11 2.614440344e+11 1.887909843e+11 1.77454511e+11 1.823827822e+11 2.803077334e+11 1.813482909e+11 1.583561561e+11 1.653365939e+11 1.616301188e+11 1.640764031e+11 1.575044006e+11 1.623307855e+11 1.629570798e+11 1.551772963e+11 1.609773369e+11 1.635931926e+11 1.614312798e+11 1.684294744e+11 1.638149587e+11 1.615146196e+11 1.682000754e+11 1.645454494e+11 1.692930238e+11 2.16472989e+11 1.639302768e+11 2.177782463e+11 2.163746148e+11 1.524231177e+11 1.539932929e+11 1.583809621e+11 1.508198759e+11 1.4987253e+11 1.385507424e+11 1.455624659e+11 0 0 0 0 0 0 0 0 0 
0 0 0 0 0 0 0 0 0 0 0 0 0 0 0 0 0 0 0 0 0 0 0 0 0 0 0 0 0 0 0 0 0 0 0 0 0 0 0 0 0 0 0 0 0 0 0 0 0 0 0 0 0 0 0 0 0 0 0 0 0 0 0 0 0 0 0 0 0 0 0 0 0 0 0 0 0 0 0 0 0 0 0 0 0 0 0 0 0 0 
0 0 0 0 0 0 0 0 0 0 0 0 0 0 0 0 0 0 0 0 0 0 0 0 0 0 0 0 0 0 0 0 0 0 0 0 0 0 0 0 0 0 0 0 0 0 0 0 0 0 0 0 0 0 0 0 0 0 0 0 0 0 0 0 0 0 0 0 0 0 0 0 0 0 0 0 0 0 0 0 0 0 0 0 0 0 0 0 0 0 
0 0 0 0 0 0 0 0 0 0 0 0 0 0 0 0 0 0 0 0 0 0 0 0 0 0 0 0 0 0 0 0 0 0 0 0 0 0 0 0 0 0 0 0 0 0 0 0 0 0 0 0 0 0 0 0 0 0 0 0 0 0 0 0 0 0 0 0 0 0 0 0 0 0 0 0 0 0 0 0 0 0 0 0 0 0 0 0 0 0 
0 0 0 0 0 0 0 0 0 0 0 0 0 0 0 0 0 0 0 0 0 0 0 0 0 0 0 0 0 0 0 0 0 0 0 0 0 0 0 0 0 0 0 0 0 0 0 0 0 0 0 0 0 0 0 0 0 0 0 0 0 0 0 0 0 0 0 0 0 0 0 0 0 0 0 0 0 0 0 0 0 0 0 0 0 0 0 0 0 0 
0 0 0 0 0 0 0 0 0 0 0 0 0 0 0 0 0 0 0 0 0 0 0 0 0 0 0 0 0 0 0 0 0 0 0 0 0 0 0 0 0 0 0 0 0 0 0 0 0 0 0 0 0 0 0 0 0 0 0 0 0 0 0 0 0 0 0 0 0 0 0 0 0 0 0 0 0 0 0 0 0 0 0 0 0 0 0 0 0 0 
0 0 0 0 0 0 0 0 0 0 0 0 0 0 0 0 0 0 0 0 0 0 0 0 0 0 0 0 0 0 0 0 0 0 0 0 0 0 0 0 0 0 0 0 0 0 0 0 0 0 0 0 0 0 0 0 0 0 0 0 0 0 0 0 0 0 0 0 0 0 0 0 0 0 0 0 0 0 0 0 0 0 0 0 0 0 0 0 0 0 
0 0 0 0 0 0 0 0 0 0 0 0 0 0 0 0 0 0 0 0 0 0 0 0 0 0 0 0 0 0 0 0 0 0 0 0 0 0 0 0 0 0 0 0 0 0 0 0 0 0 0 0 0 0 0 0 0 0 0 0 0 0 0 0 0 0 0 0 0 0 0 0 0 0 0 0 0 0 0 0 0 0 0 0 0 0 0 0 0 0 
0 0 0 0 0 0 0 0 0 0 0 0 0 0 0 0 0 0 0 0 0 0 0 0 0 0 0 0 0 0 0 0 0 0 0 0 0 0 0 0 0 0 0 0 0 0 0 0 0 0 0 0 0 0 0 0 0 0 0 0 0 0 0 0 0 0 0 0 0 0 0 0 0 0 0 0 0 0 0 0 0 0 0 0 0 0 0 0 0 0 
0 0 0 0 0 0 0 0 0 0 0 0 0 0 0 0 0 0 0 0 0 0 0 0 0 0 0 0 0 0 0 0 0 0 0 0 0 0 0 0 0 0 0 0 0 0 0 0 0 0 0 0 0 0 0 0 0 0 0 0 0 0 0 0 0 0 0 0 0 0 0 0 0 0 0 0 0 0 0 0 0 0 0 0 0 0 0 0 0 0 
0 0 0 0 0 0 0 0 0 0 0 0 0 0 0 0 0 0 0 0 0 0 0 0 0 0 0 0 0 0 0 0 0 0 0 0 0 0 0 0 0 0 0 0 0 0 0 0 0 0 0 0 0 0 0 0 0 0 0 0 0 0 0 0 0 0 0 0 0 0 0 0 0 0 0 0 0 0 0 0 0 0 0 0 0 0 0 0 0 0 
0 0 0 0 0 0 0 0 0 0 0 0 0 0 0 0 0 0 0 0 0 0 0 0 0 0 0 0 0 0 0 0 0 0 0 0 0 0 0 0 0 0 0 0 0 0 0 0 0 0 0 0 0 0 0 0 0 0 0 0 0 0 0 0 0 0 0 0 0 0 0 0 0 0 0 0 0 0 0 0 0 0 0 0 0 0 0 0 0 0 
0 0 0 0 0 0 0 0 0 0 0 0 0 0 0 0 0 0 0 0 0 0 0 0 0 0 0 0 0 0 0 0 0 0 0 0 0 0 0 0 0 0 0 0 0 0 0 0 0 0 0 0 0 0 0 0 0 0 0 0 0 0 0 0 0 0 0 0 0 0 0 0 0 0 0 0 0 0 0 0 0 0 0 0 0 0 0 0 0 0 
0 0 0 0 0 0 0 0 0 0 0 0 0 0 0 0 0 0 0 0 0 0 0 0 0 0 0 0 0 0 0 0 0 0 0 0 0 0 0 0 0 0 0 0 0 0 0 0 0 0 0 0 0 0 0 0 0 0 0 0 0 0 0 0 0 0 0 0 0 0 0 0 0 0 0 0 0 0 0 0 0 0 0 0 0 0 0 0 0 0 
0 0 0 0 0 0 0 0 0 0 0 0 0 0 0 0 0 0 0 0 0 0 0 0 0 0 0 0 0 0 0 0 0 0 0 0 0 0 0 0 0 0 0 0 0 0 0 0 0 0 0 0 0 0 0 0 0 0 0 0 0 0 0 0 0 0 0 0 0 0 0 0 0 0 0 0 0 0 0 0 0 0 0 0 0 0 0 0 0 0 
0 0 0 0 0 0 0 0 0 0 0 0 0 0 0 0 0 0 0 0 0 0 0 0 0 0 0 0 0 0 0 0 0 0 0 0 0 0 0 0 0 0 0 0 0 0 0 0 0 0 0 0 0 0 0 0 0 0 0 0 0 0 0 0 0 0 0 0 0 0 0 0 0 0 0 0 0 0 0 0 0 0 0 0 0 0 0 0 0 0 
0 0 0 0 0 0 0 0 0 0 0 0 0 0 0 0 0 0 0 0 0 0 0 0 0 0 0 0 0 0 0 0 0 0 0 0 0 0 0 0 0 0 0 0 0 0 0 0 0 0 0 0 0 0 0 0 0 0 0 0 0 0 0 0 0 0 0 0 0 0 0 0 0 0 0 0 0 0 0 0 0 0 0 0 0 0 0 0 0 0 
0 0 0 0 0 0 0 0 0 0 0 0 0 0 0 0 0 0 0 0 0 0 0 0 0 0 0 0 0 0 0 0 0 0 0 0 0 0 0 0 0 0 0 0 0 0 0 0 0 0 0 0 0 0 0 0 0 0 0 0 0 0 0 0 0 0 0 0 0 0 0 0 0 0 0 0 0 0 0 0 0 0 0 0 0 0 0 0 0 0 
0 0 0 0 0 0 0 0 0 0 0 0 0 0 0 0 0 0 0 0 0 0 0 0 0 0 0 0 0 0 0 0 0 0 0 0 0 0 0 0 0 0 0 0 0 0 0 0 0 0 0 0 0 0 0 0 0 0 0 0 0 0 0 0 0 0 0 0 0 0 0 0 0 0 0 0 0 0 0 0 0 0 0 0 0 0 0 0 0 0 
0 0 0 0 0 0 0 0 0 0 0 0 0 0 0 0 0 0 0 0 0 0 0 0 0 0 0 0 0 0 0 0 0 0 0 0 0 0 0 0 0 0 0 0 0 0 0 0 0 0 0 0 0 0 0 0 0 0 0 0 0 0 0 0 0 0 0 0 0 0 0 0 0 0 0 0 0 0 0 0 0 0 0 0 0 0 0 0 0 0 
0 0 0 0 0 0 0 0 0 0 0 0 0 0 0 0 0 0 0 0 0 0 0 0 0 0 0 0 0 0 0 0 0 0 0 0 0 0 0 0 0 0 0 0 0 0 0 0 0 0 0 0 0 0 0 0 0 0 0 0 0 0 0 0 0 0 0 0 0 0 0 0 0 0 0 0 0 0 0 0 0 0 0 0 0 0 0 0 0 0 
0 0 0 0 0 0 0 0 0 0 0 0 0 0 0 0 0 0 0 0 0 0 0 0 0 0 0 0 0 0 0 0 0 0 0 0 0 0 0 0 0 0 0 0 0 0 0 0 0 0 0 0 0 0 0 0 0 0 0 0 0 0 0 0 0 0 0 0 0 0 0 0 0 0 0 0 0 0 0 0 0 0 0 0 0 0 0 0 0 0 
0 0 0 0 0 0 0 0 0 0 0 0 0 0 0 0 0 0 0 0 0 0 0 0 0 0 0 0 0 0 0 0 0 0 0 0 0 0 0 0 0 0 0 0 0 0 0 0 0 0 0 0 0 0 0 0 0 0 0 0 0 0 0 0 0 0 0 0 0 0 0 0 0 0 0 0 0 0 0 0 0 0 0 0 0 0 0 0 0 0 
0 0 0 0 0 0 0 0 0 0 0 0 0 0 0 0 0 0 0 0 0 0 0 0 0 0 0 0 0 0 0 0 0 0 0 0 0 0 0 0 0 0 0 0 0 0 0 0 0 0 0 0 0 0 0 0 0 0 0 0 0 0 0 0 0 0 0 0 0 0 0 0 0 0 0 0 0 0 0 0 0 0 0 0 0 0 0 0 0 0 
0 0 0 0 0 0 0 0 0 0 0 0 0 0 0 0 0 0 0 0 0 0 0 0 0 0 0 0 0 0 0 0 0 0 0 0 0 0 0 0 0 0 0 0 0 0 0 0 0 0 0 0 0 0 0 0 0 0 0 0 0 0 0 0 0 0 0 0 0 0 0 0 0 0 0 0 0 0 0 0 0 0 0 0 0 0 0 0 0 0 
0 0 0 0 0 0 0 0 0 0 0 0 0 0 0 0 0 0 0 0 0 0 0 0 0 0 0 0 0 0 0 0 0 0 0 0 0 0 0 0 0 0 0 0 0 0 0 0 0 0 0 0 0 0 0 0 0 0 0 0 0 0 0 0 0 0 0 0 0 0 0 0 0 0 0 0 0 0 0 0 0 0 0 0 0 0 0 0 0 0 
0 0 0 0 0 0 0 0 0 0 0 0 0 0 0 0 0 0 0 0 0 0 0 0 0 0 0 0 0 0 0 0 0 0 0 0 0 0 0 0 0 0 0 0 0 0 0 0 0 0 0 0 0 0 0 0 0 0 0 0 0 0 0 0 0 0 0 0 0 0 0 0 0 0 0 0 0 0 0 0 0 0 0 0 0 0 0 0 0 0 
0 0 0 0 0 0 0 0 0 0 0 0 0 0 0 0 0 0 0 0 0 0 0 0 0 0 0 0 0 0 0 0 0 0 0 0 0 0 0 0 0 0 0 0 0 0 0 0 0 0 0 0 0 0 0 0 0 0 0 0 0 0 0 0 0 0 0 0 0 0 0 0 0 0 0 0 0 0 0 0 0 0 0 0 0 0 0 0 0 0 
0 0 0 0 0 0 0 0 0 0 0 0 0 0 0 0 0 0 0 0 0 0 0 0 0 0 0 0 0 0 0 0 0 0 0 0 0 0 0 0 0 0 0 0 0 0 0 0 0 0 0 0 0 0 0 0 0 0 0 0 0 0 0 0 0 0 0 0 0 0 0 0 0 0 0 0 0 0 0 0 0 0 0 0 0 0 0 0 0 0 
0 0 0 0 0 0 0 0 0 0 0 0 0 0 0 0 0 0 0 0 0 0 0 0 0 0 0 0 0 0 0 0 0 0 0 0 0 0 0 0 0 0 0 0 0 0 0 0 0 0 0 0 0 0 0 0 0 0 0 0 0 0 0 0 0 0 0 0 0 0 0 0 0 0 0 0 0 0 0 0 0 0 0 0 0 0 0 0 0 0 
0 0 0 0 0 0 0 0 0 0 0 0 0 0 0 0 0 0 0 0 0 0 0 0 0 0 0 0 0 0 0 0 0 0 0 0 0 0 0 0 0 0 0 0 0 0 0 0 0 0 0 0 0 0 0 0 0 0 0 0 0 0 0 0 0 0 0 0 0 0 0 0 0 0 0 0 0 0 0 0 0 0 0 0 0 0 0 0 0 0 
0 0 0 0 0 0 0 0 0 0 0 0 0 0 0 0 0 0 0 0 0 0 0 0 0 0 0 0 0 0 0 0 0 0 0 0 0 0 0 0 0 0 0 0 0 0 0 0 0 0 0 0 0 0 0 0 0 0 0 0 0 0 0 0 0 0 0 0 0 0 0 0 0 0 0 0 0 0 0 0 0 0 0 0 0 0 0 0 0 0 
0 0 0 0 0 0 0 0 0 0 0 0 0 0 0 0 0 0 0 0 0 0 0 0 0 0 0 0 0 0 0 0 0 0 0 0 0 0 0 0 0 0 0 0 0 0 0 0 0 0 0 0 0 0 0 0 0 0 0 0 0 0 0 0 0 0 0 0 0 0 0 0 0 0 0 0 0 0 0 0 0 0 0 0 0 0 0 0 0 0 
0 0 0 0 0 0 0 0 0 0 0 0 0 0 0 0 0 0 0 0 0 0 0 0 0 0 0 0 0 0 0 0 0 0 0 0 0 0 0 0 0 0 0 0 0 0 0 0 0 0 0 0 0 0 0 0 0 0 0 0 0 0 0 0 0 0 0 0 0 0 0 0 0 0 0 0 0 0 0 0 0 0 0 0 0 0 0 0 0 0 
0 0 0 0 0 0 0 0 0 0 0 0 0 0 0 0 0 0 0 0 0 0 0 0 0 0 0 0 0 0 0 0 0 0 0 0 0 0 0 0 0 0 0 0 0 0 0 0 0 0 0 0 0 0 0 0 0 0 0 0 0 0 0 0 0 0 0 0 0 0 0 0 0 0 0 0 0 0 0 0 0 0 0 0 0 0 0 0 0 0 
0 0 0 0 0 0 0 0 0 0 0 0 0 0 0 0 0 0 0 0 0 0 0 0 0 0 0 0 0 0 0 0 0 0 0 0 0 0 0 0 0 0 0 0 0 0 0 0 0 0 0 0 0 0 0 0 0 0 0 0 0 0 0 0 0 0 0 0 0 0 0 0 0 0 0 0 0 0 0 0 0 0 0 0 0 0 0 0 0 0 
0 0 0 0 0 0 0 0 0 0 0 0 0 0 0 0 0 0 0 0 0 0 0 0 0 0 0 0 0 0 0 0 0 0 0 0 0 0 0 0 0 0 0 0 0 0 0 0 0 0 0 0 0 0 0 0 0 0 0 0 0 0 0 0 0 0 0 0 0 0 0 0 0 0 0 0 0 0 0 0 0 0 0 0 0 0 0 0 0 0 
# Errors [PSD_Backtrace/PSD_Backtrace.dat] I_err:
0 0 0 0 0 0 0 0 0 0 0 0 0 0 0 0 0 0 0 0 0 0 0 0 0 0 0 0 0 0 0 0 0 0 0 0 0 0 0 0 0 0 0 0 0 0 0 0 0 0 0 0 0 0 0 0 0 0 0 0 0 0 0 0 0 0 0 0 0 0 0 0 0 0 0 0 0 0 0 0 0 0 0 0 0 0 0 0 0 0 
0 0 0 0 0 0 0 0 0 0 0 0 0 0 0 0 0 0 0 0 0 0 0 0 0 0 0 0 0 0 0 0 0 0 0 0 0 0 0 0 0 0 0 0 0 0 0 0 0 0 0 0 0 0 0 0 0 0 0 0 0 0 0 0 0 0 0 0 0 0 0 0 0 0 0 0 0 0 0 0 0 0 0 0 0 0 0 0 0 0 
0 0 0 0 0 0 0 0 0 0 0 0 0 0 0 0 0 0 0 0 0 0 0 0 0 0 0 0 0 0 0 0 0 0 0 0 0 0 0 0 0 0 0 0 0 0 0 0 0 0 0 0 0 0 0 0 0 0 0 0 0 0 0 0 0 0 0 0 0 0 0 0 0 0 0 0 0 0 0 0 0 0 0 0 0 0 0 0 0 0 
0 0 0 0 0 0 0 0 0 0 0 0 0 0 0 0 0 0 0 0 0 0 0 0 0 0 0 0 0 0 0 0 0 0 0 0 0 0 0 0 0 0 0 0 0 0 0 0 0 0 0 0 0 0 0 0 0 0 0 0 0 0 0 0 0 0 0 0 0 0 0 0 0 0 0 0 0 0 0 0 0 0 0 0 0 0 0 0 0 0 
0 0 0 0 0 0 0 0 0 0 0 0 0 0 0 0 0 0 0 0 0 0 0 0 0 0 0 0 0 0 0 0 0 0 0 0 0 0 0 0 0 0 0 0 0 0 0 0 0 0 0 0 0 0 0 0 0 0 0 0 0 0 0 0 0 0 0 0 0 0 0 0 0 0 0 0 0 0 0 0 0 0 0 0 0 0 0 0 0 0 
0 0 0 0 0 0 0 0 0 0 0 0 0 0 0 0 0 0 0 0 0 0 0 0 0 0 0 0 0 0 0 0 0 0 0 0 0 0 0 0 0 0 0 0 0 0 0 0 0 0 0 0 0 0 0 0 0 0 0 0 0 0 0 0 0 0 0 0 0 0 0 0 0 0 0 0 0 0 0 0 0 0 0 0 0 0 0 0 0 0 
0 0 0 0 0 0 0 0 0 0 0 0 0 0 0 0 0 0 0 0 0 0 0 0 0 0 0 0 0 0 0 0 0 0 0 0 0 0 0 0 0 0 0 0 0 0 0 0 0 0 0 0 0 0 0 0 0 0 0 0 0 0 0 0 0 0 0 0 0 0 0 0 0 0 0 0 0 0 0 0 0 0 0 0 0 0 0 0 0 0 
0 0 0 0 0 0 0 0 0 0 0 0 0 0 0 0 0 0 0 0 0 0 0 0 0 0 0 0 0 0 0 0 0 0 0 0 0 0 0 0 0 0 0 0 0 0 0 0 0 0 0 0 0 0 0 0 0 0 0 0 0 0 0 0 0 0 0 0 0 0 0 0 0 0 0 0 0 0 0 0 0 0 0 0 0 0 0 0 0 0 
0 0 0 0 0 0 0 0 0 0 0 0 0 0 0 0 0 0 0 0 0 0 0 0 0 0 0 0 0 0 0 0 0 0 0 0 0 0 0 0 0 0 0 0 0 0 0 0 0 0 0 0 0 0 0 0 0 0 0 0 0 0 0 0 0 0 0 0 0 0 0 0 0 0 0 0 0 0 0 0 0 0 0 0 0 0 0 0 0 0 
0 0 0 0 0 0 0 0 0 0 0 0 0 0 0 0 0 0 0 0 0 0 0 0 0 0 0 0 0 0 0 0 0 0 0 0 0 0 0 0 0 0 0 0 0 0 0 0 0 0 0 0 0 0 0 0 0 0 0 0 0 0 0 0 0 0 0 0 0 0 0 0 0 0 0 0 0 0 0 0 0 0 0 0 0 0 0 0 0 0 
0 0 0 0 0 0 0 0 0 0 0 0 0 0 0 0 0 0 0 0 0 0 0 0 0 0 0 0 0 0 0 0 0 0 0 0 0 0 0 0 0 0 0 0 0 0 0 0 0 0 0 0 0 0 0 0 0 0 0 0 0 0 0 0 0 0 0 0 0 0 0 0 0 0 0 0 0 0 0 0 0 0 0 0 0 0 0 0 0 0 
0 0 0 0 0 0 0 0 0 0 0 0 0 0 0 0 0 0 0 0 0 0 0 0 0 0 0 0 0 0 0 0 0 0 0 0 0 0 0 0 0 0 0 0 0 0 0 0 0 0 0 0 0 0 0 0 0 0 0 0 0 0 0 0 0 0 0 0 0 0 0 0 0 0 0 0 0 0 0 0 0 0 0 0 0 0 0 0 0 0 
0 0 0 0 0 0 0 0 0 0 0 0 0 0 0 0 0 0 0 0 0 0 0 0 0 0 0 0 0 0 0 0 0 0 0 0 0 0 0 0 0 0 0 0 0 0 0 0 0 0 0 0 0 0 0 0 0 0 0 0 0 0 0 0 0 0 0 0 0 0 0 0 0 0 0 0 0 0 0 0 0 0 0 0 0 0 0 0 0 0 
0 0 0 0 0 0 0 0 0 0 0 0 0 0 0 0 0 0 0 0 0 0 0 0 0 0 0 0 0 0 0 0 0 0 0 0 0 0 0 0 0 0 0 0 0 0 0 0 0 0 0 0 0 0 0 0 0 0 0 0 0 0 0 0 0 0 0 0 0 0 0 0 0 0 0 0 0 0 0 0 0 0 0 0 0 0 0 0 0 0 
0 0 0 0 0 0 0 0 0 0 0 0 0 0 0 0 0 0 0 0 0 0 0 0 0 0 0 0 0 0 0 0 0 0 0 0 0 0 0 0 0 0 0 0 0 0 0 0 0 0 0 0 0 0 0 0 0 0 0 0 0 0 0 0 0 0 0 0 0 0 0 0 0 0 0 0 0 0 0 0 0 0 0 0 0 0 0 0 0 0 
0 0 0 0 0 0 0 0 0 0 0 0 0 0 0 0 0 0 0 0 0 0 0 0 0 0 0 0 0 0 0 0 0 0 0 0 0 0 0 0 0 0 0 0 0 0 0 0 0 0 0 0 0 0 0 0 0 0 0 0 0 0 0 0 0 0 0 0 0 0 0 0 0 0 0 0 0 0 0 0 0 0 0 0 0 0 0 0 0 0 
0 0 0 0 0 0 0 0 0 0 0 0 0 0 0 0 0 0 0 0 0 0 0 0 0 0 0 0 0 0 0 0 0 0 0 0 0 0 0 0 0 0 0 0 0 0 0 0 0 0 0 0 0 0 0 0 0 0 0 0 0 0 0 0 0 0 0 0 0 0 0 0 0 0 0 0 0 0 0 0 0 0 0 0 0 0 0 0 0 0 
0 0 0 0 0 0 0 0 0 0 0 0 0 0 0 0 0 0 0 0 0 0 0 0 0 0 0 0 0 0 0 0 0 0 0 0 0 0 0 0 0 0 0 0 0 0 0 0 0 0 0 0 0 0 0 0 0 0 0 0 0 0 0 0 0 0 0 0 0 0 0 0 0 0 0 0 0 0 0 0 0 0 0 0 0 0 0 0 0 0 
0 0 0 0 0 0 0 0 0 0 0 0 0 0 0 0 0 0 0 0 0 0 0 0 0 0 0 0 0 0 0 0 0 0 0 0 0 0 0 0 0 0 0 0 0 0 0 0 0 0 0 0 0 0 0 0 0 0 0 0 0 0 0 0 0 0 0 0 0 0 0 0 0 0 0 0 0 0 0 0 0 0 0 0 0 0 0 0 0 0 
0 0 0 0 0 0 0 0 0 0 0 0 0 0 0 0 0 0 0 0 0 0 0 0 0 0 0 0 0 0 0 0 0 0 0 0 0 0 0 0 0 0 0 0 0 0 0 0 0 0 0 0 0 0 0 0 0 0 0 0 0 0 0 0 0 0 0 0 0 0 0 0 0 0 0 0 0 0 0 0 0 0 0 0 0 0 0 0 0 0 
0 0 0 0 0 0 0 0 0 0 0 0 0 0 0 0 0 0 0 0 0 0 0 0 0 0 0 0 0 0 0 0 0 0 0 0 0 0 0 0 0 0 0 0 0 0 0 0 0 0 0 0 0 0 0 0 0 0 0 0 0 0 0 0 0 0 0 0 0 0 0 0 0 0 0 0 0 0 0 0 0 0 0 0 0 0 0 0 0 0 
0 0 0 0 0 0 0 0 0 0 0 0 0 0 0 0 0 0 0 0 0 0 0 0 0 0 0 0 0 0 0 0 0 0 0 0 0 0 0 0 0 0 0 0 0 0 0 0 0 0 0 0 0 0 0 0 0 0 0 0 0 0 0 0 0 0 0 0 0 0 0 0 0 0 0 0 0 0 0 0 0 0 0 0 0 0 0 0 0 0 
0 0 0 0 0 0 0 0 0 0 0 0 0 0 0 0 0 0 0 0 0 0 0 0 0 0 0 0 0 0 0 0 0 0 0 0 0 0 0 0 0 0 0 0 0 0 0 0 0 0 0 0 0 0 0 0 0 0 0 0 0 0 0 0 0 0 0 0 0 0 0 0 0 0 0 0 0 0 0 0 0 0 0 0 0 0 0 0 0 0 
0 0 0 0 0 0 0 0 0 0 0 0 0 0 0 0 0 0 0 0 0 0 0 0 0 0 0 0 0 0 0 0 0 0 0 0 0 0 0 0 0 0 0 0 0 0 0 0 0 0 0 0 0 0 0 0 0 0 0 0 0 0 0 0 0 0 0 0 0 0 0 0 0 0 0 0 0 0 0 0 0 0 0 0 0 0 0 0 0 0 
0 0 0 0 0 0 0 0 0 0 0 0 0 0 0 0 0 0 0 0 0 0 0 0 0 0 0 0 0 0 0 0 0 0 0 0 0 0 0 0 0 0 0 0 0 0 0 0 0 0 0 0 0 0 0 0 0 0 0 0 0 0 0 0 0 0 0 0 0 0 0 0 0 0 0 0 0 0 0 0 0 0 0 0 0 0 0 0 0 0 
0 0 0 0 0 0 0 0 0 0 0 0 0 0 0 0 0 0 0 0 0 0 0 0 0 0 0 0 0 0 0 0 0 0 0 0 0 0 0 0 0 0 0 0 0 0 0 0 0 0 0 0 0 0 0 0 0 0 0 0 0 0 0 0 0 0 0 0 0 0 0 0 0 0 0 0 0 0 0 0 0 0 0 0 0 0 0 0 0 0 
0 0 0 0 0 0 0 0 0 0 0 0 0 0 0 0 0 0 0 0 0 0 0 0 0 0 0 0 0 0 0 0 0 0 0 0 0 0 0 0 0 0 0 0 0 0 0 0 0 0 0 0 0 0 0 0 0 0 0 0 0 0 0 0 0 0 0 0 0 0 0 0 0 0 0 0 0 0 0 0 0 0 0 0 0 0 0 0 0 0 
0 0 0 0 0 0 0 0 0 0 0 0 0 0 0 0 0 0 0 0 0 0 0 0 0 0 0 0 0 0 0 0 0 0 0 0 0 0 0 0 0 0 0 0 0 0 0 0 0 0 0 0 0 0 0 0 0 0 0 0 0 0 0 0 0 0 0 0 0 0 0 0 0 0 0 0 0 0 0 0 0 0 0 0 0 0 0 0 0 0 
0 0 0 0 0 0 0 0 0 0 0 0 0 0 0 0 0 0 0 0 0 0 0 0 0 0 0 0 0 0 0 0 0 0 0 0 0 0 0 0 0 0 0 0 0 0 0 0 0 0 0 0 0 0 0 0 0 0 0 0 0 0 0 0 0 0 0 0 0 0 0 0 0 0 0 0 0 0 0 0 0 0 0 0 0 0 0 0 0 0 
0 0 0 0 0 0 0 0 0 0 0 0 0 0 0 0 0 0 0 0 0 0 0 0 0 0 0 0 0 0 0 0 0 0 0 0 0 0 0 0 0 0 0 0 0 0 0 0 0 0 0 0 0 0 0 0 0 0 0 0 0 0 0 0 0 0 0 0 0 0 0 0 0 0 0 0 0 0 0 0 0 0 0 0 0 0 0 0 0 0 
0 0 0 0 0 0 0 0 0 0 0 0 0 0 0 0 0 0 0 0 0 0 0 0 0 0 0 0 0 0 0 0 0 0 0 0 0 0 0 0 0 0 0 0 0 0 0 0 0 0 0 0 0 0 0 0 0 0 0 0 0 0 0 0 0 0 0 0 0 0 0 0 0 0 0 0 0 0 0 0 0 0 0 0 0 0 0 0 0 0 
0 0 0 0 0 0 0 0 0 0 0 0 0 0 0 0 0 0 0 0 0 0 0 0 0 0 0 0 0 0 0 0 0 0 0 0 0 0 0 0 0 0 0 0 0 0 0 0 0 0 0 0 0 0 0 0 0 0 0 0 0 0 0 0 0 0 0 0 0 0 0 0 0 0 0 0 0 0 0 0 0 0 0 0 0 0 0 0 0 0 
0 0 0 0 0 0 0 0 0 0 0 0 0 0 0 0 0 0 0 0 0 0 0 0 0 0 0 0 0 0 0 0 0 0 0 0 0 0 0 0 0 0 0 0 0 0 0 0 0 0 0 0 0 0 0 0 0 0 0 0 0 0 0 0 0 0 0 0 0 0 0 0 0 0 0 0 0 0 0 0 0 0 0 0 0 0 0 0 0 0 
0 0 0 0 0 0 0 0 0 0 0 0 0 0 0 0 0 0 0 0 0 0 0 0 0 0 0 0 0 0 0 0 0 0 0 0 0 0 0 0 0 0 0 0 0 0 0 0 0 0 0 0 0 0 0 0 0 0 0 0 0 0 0 0 0 0 0 0 0 0 0 0 0 0 0 0 0 0 0 0 0 0 0 0 0 0 0 0 0 0 
0 0 0 0 0 0 0 0 0 0 0 0 0 0 0 0 0 0 0 0 0 0 0 0 0 0 0 0 0 0 0 0 0 0 0 0 0 0 0 0 0 0 0 0 0 0 0 0 0 0 0 0 0 0 0 0 0 0 0 0 0 0 0 0 0 0 0 0 0 0 0 0 0 0 0 0 0 0 0 0 0 0 0 0 0 0 0 0 0 0 
0 0 0 0 0 0 0 0 0 0 0 0 0 0 0 0 0 0 0 0 0 0 0 0 0 0 0 0 0 0 0 0 0 0 0 0 0 0 0 0 0 0 0 0 0 0 0 0 0 0 0 0 0 0 0 0 0 0 0 0 0 0 0 0 0 0 0 0 0 0 0 0 0 0 0 0 0 0 0 0 0 0 0 0 0 0 0 0 0 0 
0 0 0 0 0 0 0 0 20300283.22 6296503715 6288345683 1.062549595e+11 6045448318 6157988879 7.21332087e+10 1.280305044e+11 7.214809417e+10 6560919567 5.885470672e+10 1.059371525e+11 1.102477206e+11 6119276243 7.209038132e+10 6553039081 5.879145422e+10 6126302460 7.210965693e+10 5928269789 1.103435417e+11 1.103415064e+11 5903687985 5.86888618e+10 5813974858 5891888286 5612057180 5610402758 5.866941515e+10 7.205599559e+10 5717675478 5308356944 1.102978475e+11 7.82388655e+10 5217998697 5552576563 1.059028145e+11 5131959519 4907791022 5012233131 4794972553 4854460525 4616765874 4719783636 4838533042 4540943580 4285605615 5132880847 4803044934 4236908415 4744849108 4441273665 4634886043 4451992601 4572911254 4597270888 4626120974 4648280862 5116919444 4625939805 4595401788 4704863437 4488905215 4477839168 4563548479 4718235433 4901930002 4663112281 4286992717 4538175829 4251538167 3978014184 5.86301702e+10 0 0 0 0 0 0 0 0 0 
0 0 0 0 0 0 0 0 0 7572271403 7635613508 7.229048983e+10 7803998193 8073644648 5.897433161e+10 7.843461889e+10 8122337906 7.841953832e+10 8009929135 7636252698 7709182848 7319535951 7.222824118e+10 5.890277136e+10 1.014569277e+11 7184394966 8.29187915e+10 1.249150569e+11 1.559544164e+11 7054888907 7.218148694e+10 1.248778298e+11 5.877876215e+10 5.88050518e+10 1.747609019e+11 7686959413 1.770594887e+11 1.018054408e+11 6522973122 7315316729 7.211742713e+10 7.832600505e+10 6479101998 5960791653 5810080786 7.830732984e+10 5717765737 5.873059986e+10 5656330190 5775833856 5509126733 5688432339 1.103088335e+11 5406824043 5417282362 5327008033 5418005732 5418674564 5504037678 5399822044 5455266943 5469057935 5604654542 5228909143 5362620590 5.872747468e+10 5856746408 5812553788 5695073992 5387159008 5474092650 5332932337 5403043672 5495733263 5424129306 5423333857 5350554080 5571956086 5404577815 4773661103 5573259852 0 0 0 0 0 0 0 0 0 
0 0 0 0 0 0 0 0 0 8179544914 1.104928909e+11 8185782420 1.211394307e+11 1.105363006e+11 8854261937 9.784164221e+10 8561114577 7.849751247e+10 1.106630539e+11 8638638557 8527509428 8073070734 8377651125 8540908250 8146619894 8304611151 7674753237 1.104387458e+11 7727146449 1.559911748e+11 7235476431 7307944534 5.892980914e+10 1.34361317e+11 1.059759153e+11 7082332979 7318558218 7.861656521e+10 6985619335 7.835058886e+10 7.224269199e+10 5.875799667e+10 7160884310 6785015325 7474635614 6991808967 1.870544492e+11 7.841161746e+10 6647830936 6646595482 6694828037 6545597124 6465467211 6400690195 6518232238 6929968398 6558147004 7043930415 6495072969 6592478454 6437563574 6564029856 6579717941 6658087039 6314948790 6585103583 6812840175 6960780769 6983059912 7005410296 7.54405219e+10 1.059543672e+11 1.496901012e+11 6591404876 4.767585658e+10 7.839897162e+10 6614228082 6475832502 6064473262 5.889976967e+10 7.840468764e+10 0 0 0 0 0 0 0 0 0 
0 0 0 0 0 0 0 0 0 8089091659 1.104868724e+11 8180678420 1.106602019e+11 8554362070 7.848374712e+10 7.846058304e+10 8772642222 7.845380894e+10 8616393010 8191132623 8411606366 7.843455921e+10 5.897191755e+10 7506989034 7066333243 6367867253 6060771056 7.85597673e+10 5855975610 5792472544 5762178787 5491875532 5182730533 5556439970 5484545524 7.81924556e+10 5198388288 5486143775 5299052105 5387383543 5554033841 5785882913 6303944574 6309786761 6800633889 6742973249 6958720758 7015688809 4.768239139e+10 4.766428955e+10 6497587038 6660063939 6550041065 1.167569172e+11 6338825892 6490927157 6308990891 1.110998943e+11 1.16745308e+11 6763578992 1.167307074e+11 6918805548 6291252976 6359558977 6395163260 6627523802 6707461835 5.882894334e+10 6941498990 1.107194815e+11 1.014582528e+11 6870946510 1.059571581e+11 7263899818 7103761744 1.203690964e+11 6787473695 6733989510 6511697964 6812969946 6500462624 0 0 0 0 0 0 0 0 0 
0 0 0 0 0 0 0 0 0 7932414310 1.353867362e+11 7.841263198e+10 1.106234996e+11 7994036714 8067674445 7.842008805e+10 8071124192 7855933057 5.90320679e+10 7.841960214e+10 5.890717929e+10 8236477856 7195847074 6849976336 9.168468324e+10 4.757067691e+10 5040353518 4578749304 4402091607 4774969483 4298532709 7.195457982e+10 4339291271 4305283303 4581449999 7.8174178e+10 4340356718 4853412508 4153035465 4300072657 4331239657 4994296050 5462953300 5817182245 6137634039 6610157386 6217432957 6139709194 5969919861 5815790249 1.166993979e+11 4.749726275e+10 5528337402 1.643933951e+11 1.058636685e+11 1.11047103e+11 5199111266 5357739808 1.11044606e+11 5266076663 1.167007366e+11 1.059412452e+11 5427764470 5352466873 5693694293 5631566948 5657237958 5827586764 6034795645 5.873568423e+10 5964451240 6161000553 6283367713 6278228717 6062652567 6293794805 6126516651 7.83599905e+10 6089845328 5817541093 5643065383 0 0 0 0 0 0 0 0 0 
0 0 0 0 0 0 0 0 0 7138641024 7410733138 7380847354 7414859947 7939953521 7743877273 7506500516 7573146863 7496602375 7.838783377e+10 7.232393615e+10 7844035874 7514171107 4.775605866e+10 6740821731 6366172090 5520277083 4775068593 4533437816 4.742927696e+10 4959717103 4433946213 1.166653158e+11 4411665391 4197846340 4318563993 4311610901 4336192611 4118436057 4133816387 4141932727 4166331620 4651567328 5238073786 5546806479 6171405813 6133979559 6333427263 5.872475536e+10 5895947784 5393394194 5240681540 5551595754 5635189299 1.058495506e+11 7.006853602e+10 1.311932906e+11 1.39145694e+11 5085637046 1.497111345e+11 5324967661 5444108517 5287355535 5404558743 5275940430 5281521145 7.833439939e+10 7.831652895e+10 5257832311 5612148715 5540150394 5721339791 5726671309 5661882967 5798061985 5815351763 5778344157 5728447886 5885958236 5367953547 5087231294 5009008266 0 0 0 0 0 0 0 0 0 
0 0 0 0 0 0 0 0 0 6880298663 7413040733 7.831612387e+10 6931288216 7319341900 7626350002 7248597819 7.836016692e+10 7199350045 7462799887 7405625129 7513897299 9.297155795e+10 6633363435 1.059961748e+11 1.103240225e+11 4816060359 4194132378 3897696524 1.101426307e+11 3856433680 4383746266 4121596580 3907774444 1.965691368e+11 4018092368 4784679630 7.81450342e+10 3917895733 3815005202 3884536443 3756150263 4282615966 4784039081 5675893978 5913210360 6234988902 6766806356 5.875155965e+10 5.866034817e+10 5542576522 5073474518 1.166891543e+11 1.167116424e+11 5444683069 1.058621129e+11 5035860799 4698208653 4833746295 5457741012 5817044029 5289513677 5010393165 5182489788 5315076093 5184608783 5625728505 5640640071 5614797132 5461985917 1.689109899e+11 5574656603 5586828143 5867240164 5859383193 5564135425 5863843189 5509951373 5692834485 5131615101 5010977294 4673506736 304653.0538 0 0 0 0 0 0 0 0 
0 0 0 0 0 0 0 0 0 6916434238 6972534765 1.059915468e+11 6662872770 7113508342 7112659152 7096915880 7021818936 7368783509 7392885095 7278392377 7.220391836e+10 7002980698 6758889490 6596280216 1.0589581e+11 4636280318 4.733831231e+10 3663261540 3743900550 3811497820 3477956355 1.166414941e+11 3798735370 3786280757 5.858499821e+10 3616254394 5.094749535e+10 3721442758 3311403520 7.816096325e+10 3847138749 4256973185 4776197884 5285432218 6125615752 6174545486 6470399492 6388463145 5853907596 5331874372 5194876048 1.649494916e+11 4897277507 5095432354 4682476515 4600471205 4889099529 4849957756 1.059205936e+11 5150596050 5149553222 1.05910267e+11 5179592215 1.058812997e+11 5040734846 5187700032 5156121592 5542223738 7.831701133e+10 1.05967444e+11 5552572192 5838265289 5704056695 5671088541 5787801437 5880483137 5511699810 5716611828 5398741400 4928530195 4754023689 0 0 0 0 0 0 0 0 0 
0 0 0 0 0 0 0 0 0 6926025686 6816699083 7348312925 7336896126 1.059585319e+11 7014286491 7.838559049e+10 7249953469 7235479802 8158913638 7.83995494e+10 7519823718 7016379704 1.103632313e+11 4.762186036e+10 1.159837413e+11 4744412120 1.015728094e+11 3403659378 1.101331879e+11 3391131924 3825658823 3694665604 3704344604 3601063675 3829119465 3334271708 3657478033 3478528147 3213715520 3668214754 3562497542 4068157067 1.10496495e+11 1.10525646e+11 6185794779 6412771344 6526371102 5871130922 6081870972 5366879255 4763247770 1.16694315e+11 1.959252405e+11 1.166712153e+11 5074037713 4667498149 4601926380 4594425476 4893092664 4784972468 5174440704 5017462410 4904577708 4893695122 7.850493065e+10 5470544581 5335488944 5345582527 7.833628093e+10 7.834055709e+10 5452403007 1.059521933e+11 5767014607 1.167187546e+11 5610582443 5800250273 5624670364 1.110365567e+11 5194258428 4963507816 4770442280 0 0 0 0 0 0 0 0 0 
0 0 0 0 0 0 0 0 0 6648664639 6841884418 6933185863 6646667649 6882182997 7179693954 7310420396 7437858255 7059097316 7420193095 7683070045 6988965725 7281272321 6321684091 1.774433803e+11 5455466131 7.815887951e+10 3768439826 3491336013 3512632971 3578753785 3556494917 3644515276 3355308989 3661493104 5.857982636e+10 4163840338 3603803369 3638488822 3399945323 3217963993 3475442788 4187626991 5264198783 5429187483 6237734976 6236068686 6392413409 6303033167 5821912049 5357909832 4865525172 4665843666 4732939570 1.360058646e+11 1.166847168e+11 4629785241 4841760485 5151589811 4966590660 4806145830 4937580427 4957087321 5035949677 5054671708 5213404907 5592790940 5306570209 5326371882 7.833902485e+10 1.059521027e+11 1.167033898e+11 5772062348 7.834235871e+10 1.059468796e+11 5857987300 1.059649027e+11 5350789315 5324345680 5081211352 4968085986 4660459387 0 0 0 0 0 0 0 0 0 
0 0 0 0 0 0 0 0 0 7088624611 7141077362 7108331032 7126538020 1.496971826e+11 7050327993 6860232148 7013294794 7166335964 7557920316 7193784348 7382442665 6552538936 6162036145 5945570665 5473894247 7.815047852e+10 3939833420 3504253034 3597013514 3710445495 3753061380 4190381312 3673496546 3504979206 7.814090115e+10 3743372690 3616017966 3535188153 3656310432 3620480986 1.166547969e+11 4186427827 5112468259 5791316031 6353753847 6363592500 6244575363 6490188348 5844000860 5357799826 5078641505 5461165406 1.649435054e+11 4596353672 4783302214 7.00462996e+10 4722865211 4625264352 4907083433 5.102757015e+10 5019400123 4810447783 7.829948753e+10 5079684178 4.001589755e+10 4953170578 5005922009 5245950469 1.059461648e+11 5388564020 5469572996 5862012748 1.059588664e+11 1.059474706e+11 1.059515895e+11 5647384822 1.110635716e+11 5474591500 5130884580 4913830465 5122312060 0 0 0 0 0 0 0 0 0 
0 0 0 0 0 0 0 0 0 1.105505704e+11 1.404592732e+11 7594644609 7428737364 1.496956513e+11 7521736609 7475388874 7425674130 7271661436 7109810977 7.871961304e+10 8215143539 6634375492 6777076822 5996352459 5606673214 4868525643 4410323724 3749172376 3818642747 3976969045 4002988272 3822716244 3846979015 3786493768 9.760844553e+10 4037636442 3697479181 3770108314 3771507636 3522797676 3908548137 4171850195 4868847135 6112812313 6399221687 6510530430 7054770677 6624518835 5675120697 5367830917 1.166957745e+11 1.166851626e+11 5299866510 5214966277 1.16677146e+11 7.004175403e+10 5.105500446e+10 5.101968785e+10 4930046418 1.059243968e+11 5541645759 5290339035 5074481211 4.001084502e+10 5737349024 5405344552 5099253179 5506903690 5311501617 5730875147 5619318312 1.759369385e+11 1.575296207e+11 5616607162 5811516388 5454121904 5660253276 5427443599 5642717381 5062989559 4837737010 0 0 0 0 0 0 0 0 0 
0 0 0 0 0 0 0 0 0 1.562088147e+11 9.777062161e+10 1.105989914e+11 1.575569698e+11 7211870638 1.959956581e+11 8030630014 7599885837 1.104098968e+11 1.406726444e+11 1.43386653e+11 8075444748 7063129113 7043021438 1.391398392e+11 7.85563226e+10 5379794642 5347273986 4344539637 4.741269188e+10 4368536946 4431702399 7.816356176e+10 4771395710 1.495726372e+11 4293834117 4.738991047e+10 4202295371 4002923462 5.860375437e+10 7.815605464e+10 7.814940015e+10 7.815726537e+10 5204232773 5854368036 1.059724632e+11 6115681166 6642341397 6215626070 6263356218 5848670159 5369494655 5146264549 5188940111 5121900963 5074198870 4918803640 7.006673627e+10 5.104747941e+10 1.174261942e+11 5331405832 5381023466 5435184221 5466943866 9.773995433e+10 1.595480896e+11 5532813766 5482003337 5813395619 5648566199 1.315937587e+11 5807398799 5503978662 5577998236 1.167088736e+11 5571600080 5554304886 5980003667 5015119554 5175576130 7.829317058e+10 5245024394 0 0 0 0 0 0 0 0 0 
0 0 0 0 0 0 0 0 0 8183191435 7489367508 1.405001823e+11 1.605805322e+11 7877865858 1.060291314e+11 2.020595724e+11 8844515556 1.482193642e+11 1.20240841e+11 7877807179 1.188654416e+11 1.122539723e+11 7054886710 6846221556 7.839671454e+10 7.853577669e+10 1.104677222e+11 4913292961 4205662080 4358538439 1.304764859e+11 4175684907 4294397257 4378283857 4483699557 4851436451 3901938254 4350069851 4052319576 4678298929 4458238758 5037758288 6153105488 7.827048908e+10 7.828666945e+10 6663163776 7.827145534e+10 7.827887994e+10 1.404029773e+11 5578317486 1.167051281e+11 1.167192849e+11 5728526880 5632413648 7.827879532e+10 4940961326 4825990487 5011383350 5167832600 5259470441 5207861784 1.166927495e+11 5038840843 1.059365752e+11 5749955628 5413514991 7.834805821e+10 5411348527 1.531125415e+11 7.836531191e+10 5778036582 5705276935 1.167136871e+11 5781617363 1.167253482e+11 5955638710 6396224660 7.835176496e+10 7.83416746e+10 7.833290772e+10 1.059189836e+11 0 0 0 0 0 0 0 0 0 
0 0 0 0 0 0 0 0 167398778.8 8769127242 8458422658 7.851935345e+10 1.35377747e+11 7.850546407e+10 8314235400 8631689762 7.878206497e+10 1.110800602e+11 1.20704677e+11 1.110552581e+11 4.780481208e+10 1.481867668e+11 7.868902279e+10 1.109863153e+11 7.862473928e+10 1.167280194e+11 5805450342 5706356877 5285794344 5155882307 4765891676 5028127221 4841281359 5256921459 5017632505 7.827066356e+10 4776244701 7.817854524e+10 4644233597 4876138452 4857279805 5317738596 6652032750 1.105411524e+11 7.829621971e+10 6670011251 6948421607 7.842339821e+10 6389096746 6168316869 7.826540318e+10 7.836341986e+10 6404768687 6378915025 9.77564784e+10 6111188618 1.574277707e+11 6229783305 7.838898244e+10 6226428601 1.167393242e+11 6314793211 7.770573465e+10 6362118591 6219600949 6323986749 1.059939245e+11 1.059998573e+11 6481766461 6.707921104e+10 6519957077 9.152378485e+10 6717110667 6719803623 5.884467903e+10 6402126358 1.111212807e+11 7434792716 6777909780 6700008592 6424025085 0 0 0 0 0 0 0 0 0 
0 0 0 0 0 0 0 0 0 7962298117 1.060879937e+11 1.104775336e+11 7879659140 4.787093723e+10 1.168686777e+11 1.354194789e+11 8265858902 4.793712143e+10 8114047851 8016259256 7.875653316e+10 1.357233544e+11 7657816881 7.844566802e+10 7491400563 7526132015 1.49700374e+11 7636601180 7255675522 6922116075 7111898789 7.832750938e+10 6639749247 1.167591155e+11 6774935815 6377730233 6455301242 6551227687 1.013484657e+11 6930692961 6937853635 6375869200 6245196901 6349608511 1.10531269e+11 7.830420031e+10 6666545203 6482157780 6337712043 6220992263 6534031789 6363033247 6258363201 1.167606628e+11 6358356675 6627657587 6059677836 6072590854 6035823822 1.059406744e+11 6428168410 5904786759 6277428203 6330656928 6430156732 6382443355 6087739837 6563012581 1.059901024e+11 6358997225 6549995414 7266128296 6162248257 1.11125168e+11 5.877631032e+10 8.291724257e+10 5.879486768e+10 5.88149233e+10 6468709854 6190505058 1.863041064e+11 0 0 0 0 0 0 0 0 0 
0 0 0 0 0 0 0 0 0 1.318306201e+11 1.833280533e+11 7825981417 1.1041877e+11 7237684630 1.10419896e+11 7.841660023e+10 7.224054856e+10 1.104285307e+11 7403613032 7270446819 1.353853276e+11 7084310464 6832064344 7077541473 7026190013 6808774251 1.059668493e+11 7065216075 6883395387 1.106552613e+11 7.837273403e+10 1.562173721e+11 9.767744173e+10 5.87479377e+10 5.876554715e+10 6357141590 6079356925 5.882167271e+10 6172224324 7.838950124e+10 1.103556212e+11 6080261935 1.103243365e+11 6092907010 7.204504572e+10 5930819617 5853359065 5995077834 5764705301 5915714634 5837944765 5682075183 5527198405 5586066378 5638432480 5353685703 5284275707 5201644720 5334799768 5438812032 5427738466 5512583291 5065545527 5347177118 5788810538 5370273738 5499218111 5526859555 5611900146 5.871234672e+10 4981136195 5279775792 5799608551 5306746371 5322133333 5636955032 5454367551 5.868439654e+10 5.870526264e+10 5276824895 1.10300551e+11 0 0 0 0 0 0 0 0 0 
0 0 0 0 0 0 0 0 0 7.83006866e+10 6755209388 1.497010306e+11 6801589171 5.887397209e+10 6664154931 6970948731 6422324235 6255182367 5.883784523e+10 6233181719 6473741461 6574289207 5875003226 6335115586 7.826964342e+10 6361382143 5927297819 7.826388475e+10 1.904592516e+11 1.059200645e+11 5778521325 1.105153528e+11 7.826448172e+10 7.824648465e+10 5868502706 5840745972 5662480959 5516286971 4.749312266e+10 5427026781 5560713975 1.103006204e+11 5061230045 7.818139429e+10 5122185639 5357964208 5231692929 7.205437889e+10 5272051894 5023869171 5324967412 1.05875585e+11 5552218759 4746878065 4960176344 4931511699 5068053971 4770998542 4961968533 4976398645 4741132105 4839166178 4816966933 4702116138 5130640167 4902346858 4864770970 4904369727 4824205686 5035140578 5.864180551e+10 4772957720 5.866050093e+10 5.865791593e+10 4571525293 4630524673 4758635363 4471734956 4652233425 4244774287 4351734494 0 0 0 0 0 0 0 0 0 
0 0 0 0 0 0 0 0 0 0 0 0 0 0 0 0 0 0 0 0 0 0 0 0 0 0 0 0 0 0 0 0 0 0 0 0 0 0 0 0 0 0 0 0 0 0 0 0 0 0 0 0 0 0 0 0 0 0 0 0 0 0 0 0 0 0 0 0 0 0 0 0 0 0 0 0 0 0 0 0 0 0 0 0 0 0 0 0 0 0 
0 0 0 0 0 0 0 0 0 0 0 0 0 0 0 0 0 0 0 0 0 0 0 0 0 0 0 0 0 0 0 0 0 0 0 0 0 0 0 0 0 0 0 0 0 0 0 0 0 0 0 0 0 0 0 0 0 0 0 0 0 0 0 0 0 0 0 0 0 0 0 0 0 0 0 0 0 0 0 0 0 0 0 0 0 0 0 0 0 0 
0 0 0 0 0 0 0 0 0 0 0 0 0 0 0 0 0 0 0 0 0 0 0 0 0 0 0 0 0 0 0 0 0 0 0 0 0 0 0 0 0 0 0 0 0 0 0 0 0 0 0 0 0 0 0 0 0 0 0 0 0 0 0 0 0 0 0 0 0 0 0 0 0 0 0 0 0 0 0 0 0 0 0 0 0 0 0 0 0 0 
0 0 0 0 0 0 0 0 0 0 0 0 0 0 0 0 0 0 0 0 0 0 0 0 0 0 0 0 0 0 0 0 0 0 0 0 0 0 0 0 0 0 0 0 0 0 0 0 0 0 0 0 0 0 0 0 0 0 0 0 0 0 0 0 0 0 0 0 0 0 0 0 0 0 0 0 0 0 0 0 0 0 0 0 0 0 0 0 0 0 
0 0 0 0 0 0 0 0 0 0 0 0 0 0 0 0 0 0 0 0 0 0 0 0 0 0 0 0 0 0 0 0 0 0 0 0 0 0 0 0 0 0 0 0 0 0 0 0 0 0 0 0 0 0 0 0 0 0 0 0 0 0 0 0 0 0 0 0 0 0 0 0 0 0 0 0 0 0 0 0 0 0 0 0 0 0 0 0 0 0 
0 0 0 0 0 0 0 0 0 0 0 0 0 0 0 0 0 0 0 0 0 0 0 0 0 0 0 0 0 0 0 0 0 0 0 0 0 0 0 0 0 0 0 0 0 0 0 0 0 0 0 0 0 0 0 0 0 0 0 0 0 0 0 0 0 0 0 0 0 0 0 0 0 0 0 0 0 0 0 0 0 0 0 0 0 0 0 0 0 0 
0 0 0 0 0 0 0 0 0 0 0 0 0 0 0 0 0 0 0 0 0 0 0 0 0 0 0 0 0 0 0 0 0 0 0 0 0 0 0 0 0 0 0 0 0 0 0 0 0 0 0 0 0 0 0 0 0 0 0 0 0 0 0 0 0 0 0 0 0 0 0 0 0 0 0 0 0 0 0 0 0 0 0 0 0 0 0 0 0 0 
0 0 0 0 0 0 0 0 0 0 0 0 0 0 0 0 0 0 0 0 0 0 0 0 0 0 0 0 0 0 0 0 0 0 0 0 0 0 0 0 0 0 0 0 0 0 0 0 0 0 0 0 0 0 0 0 0 0 0 0 0 0 0 0 0 0 0 0 0 0 0 0 0 0 0 0 0 0 0 0 0 0 0 0 0 0 0 0 0 0 
0 0 0 0 0 0 0 0 0 0 0 0 0 0 0 0 0 0 0 0 0 0 0 0 0 0 0 0 0 0 0 0 0 0 0 0 0 0 0 0 0 0 0 0 0 0 0 0 0 0 0 0 0 0 0 0 0 0 0 0 0 0 0 0 0 0 0 0 0 0 0 0 0 0 0 0 0 0 0 0 0 0 0 0 0 0 0 0 0 0 
0 0 0 0 0 0 0 0 0 0 0 0 0 0 0 0 0 0 0 0 0 0 0 0 0 0 0 0 0 0 0 0 0 0 0 0 0 0 0 0 0 0 0 0 0 0 0 0 0 0 0 0 0 0 0 0 0 0 0 0 0 0 0 0 0 0 0 0 0 0 0 0 0 0 0 0 0 0 0 0 0 0 0 0 0 0 0 0 0 0 
0 0 0 0 0 0 0 0 0 0 0 0 0 0 0 0 0 0 0 0 0 0 0 0 0 0 0 0 0 0 0 0 0 0 0 0 0 0 0 0 0 0 0 0 0 0 0 0 0 0 0 0 0 0 0 0 0 0 0 0 0 0 0 0 0 0 0 0 0 0 0 0 0 0 0 0 0 0 0 0 0 0 0 0 0 0 0 0 0 0 
0 0 0 0 0 0 0 0 0 0 0 0 0 0 0 0 0 0 0 0 0 0 0 0 0 0 0 0 0 0 0 0 0 0 0 0 0 0 0 0 0 0 0 0 0 0 0 0 0 0 0 0 0 0 0 0 0 0 0 0 0 0 0 0 0 0 0 0 0 0 0 0 0 0 0 0 0 0 0 0 0 0 0 0 0 0 0 0 0 0 
0 0 0 0 0 0 0 0 0 0 0 0 0 0 0 0 0 0 0 0 0 0 0 0 0 0 0 0 0 0 0 0 0 0 0 0 0 0 0 0 0 0 0 0 0 0 0 0 0 0 0 0 0 0 0 0 0 0 0 0 0 0 0 0 0 0 0 0 0 0 0 0 0 0 0 0 0 0 0 0 0 0 0 0 0 0 0 0 0 0 
0 0 0 0 0 0 0 0 0 0 0 0 0 0 0 0 0 0 0 0 0 0 0 0 0 0 0 0 0 0 0 0 0 0 0 0 0 0 0 0 0 0 0 0 0 0 0 0 0 0 0 0 0 0 0 0 0 0 0 0 0 0 0 0 0 0 0 0 0 0 0 0 0 0 0 0 0 0 0 0 0 0 0 0 0 0 0 0 0 0 
0 0 0 0 0 0 0 0 0 0 0 0 0 0 0 0 0 0 0 0 0 0 0 0 0 0 0 0 0 0 0 0 0 0 0 0 0 0 0 0 0 0 0 0 0 0 0 0 0 0 0 0 0 0 0 0 0 0 0 0 0 0 0 0 0 0 0 0 0 0 0 0 0 0 0 0 0 0 0 0 0 0 0 0 0 0 0 0 0 0 
0 0 0 0 0 0 0 0 0 0 0 0 0 0 0 0 0 0 0 0 0 0 0 0 0 0 0 0 0 0 0 0 0 0 0 0 0 0 0 0 0 0 0 0 0 0 0 0 0 0 0 0 0 0 0 0 0 0 0 0 0 0 0 0 0 0 0 0 0 0 0 0 0 0 0 0 0 0 0 0 0 0 0 0 0 0 0 0 0 0 
0 0 0 0 0 0 0 0 0 0 0 0 0 0 0 0 0 0 0 0 0 0 0 0 0 0 0 0 0 0 0 0 0 0 0 0 0 0 0 0 0 0 0 0 0 0 0 0 0 0 0 0 0 0 0 0 0 0 0 0 0 0 0 0 0 0 0 0 0 0 0 0 0 0 0 0 0 0 0 0 0 0 0 0 0 0 0 0 0 0 
0 0 0 0 0 0 0 0 0 0 0 0 0 0 0 0 0 0 0 0 0 0 0 0 0 0 0 0 0 0 0 0 0 0 0 0 0 0 0 0 0 0 0 0 0 0 0 0 0 0 0 0 0 0 0 0 0 0 0 0 0 0 0 0 0 0 0 0 0 0 0 0 0 0 0 0 0 0 0 0 0 0 0 0 0 0 0 0 0 0 
0 0 0 0 0 0 0 0 0 0 0 0 0 0 0 0 0 0 0 0 0 0 0 0 0 0 0 0 0 0 0 0 0 0 0 0 0 0 0 0 0 0 0 0 0 0 0 0 0 0 0 0 0 0 0 0 0 0 0 0 0 0 0 0 0 0 0 0 0 0 0 0 0 0 0 0 0 0 0 0 0 0 0 0 0 0 0 0 0 0 
0 0 0 0 0 0 0 0 0 0 0 0 0 0 0 0 0 0 0 0 0 0 0 0 0 0 0 0 0 0 0 0 0 0 0 0 0 0 0 0 0 0 0 0 0 0 0 0 0 0 0 0 0 0 0 0 0 0 0 0 0 0 0 0 0 0 0 0 0 0 0 0 0 0 0 0 0 0 0 0 0 0 0 0 0 0 0 0 0 0 
0 0 0 0 0 0 0 0 0 0 0 0 0 0 0 0 0 0 0 0 0 0 0 0 0 0 0 0 0 0 0 0 0 0 0 0 0 0 0 0 0 0 0 0 0 0 0 0 0 0 0 0 0 0 0 0 0 0 0 0 0 0 0 0 0 0 0 0 0 0 0 0 0 0 0 0 0 0 0 0 0 0 0 0 0 0 0 0 0 0 
0 0 0 0 0 0 0 0 0 0 0 0 0 0 0 0 0 0 0 0 0 0 0 0 0 0 0 0 0 0 0 0 0 0 0 0 0 0 0 0 0 0 0 0 0 0 0 0 0 0 0 0 0 0 0 0 0 0 0 0 0 0 0 0 0 0 0 0 0 0 0 0 0 0 0 0 0 0 0 0 0 0 0 0 0 0 0 0 0 0 
0 0 0 0 0 0 0 0 0 0 0 0 0 0 0 0 0 0 0 0 0 0 0 0 0 0 0 0 0 0 0 0 0 0 0 0 0 0 0 0 0 0 0 0 0 0 0 0 0 0 0 0 0 0 0 0 0 0 0 0 0 0 0 0 0 0 0 0 0 0 0 0 0 0 0 0 0 0 0 0 0 0 0 0 0 0 0 0 0 0 
0 0 0 0 0 0 0 0 0 0 0 0 0 0 0 0 0 0 0 0 0 0 0 0 0 0 0 0 0 0 0 0 0 0 0 0 0 0 0 0 0 0 0 0 0 0 0 0 0 0 0 0 0 0 0 0 0 0 0 0 0 0 0 0 0 0 0 0 0 0 0 0 0 0 0 0 0 0 0 0 0 0 0 0 0 0 0 0 0 0 
0 0 0 0 0 0 0 0 0 0 0 0 0 0 0 0 0 0 0 0 0 0 0 0 0 0 0 0 0 0 0 0 0 0 0 0 0 0 0 0 0 0 0 0 0 0 0 0 0 0 0 0 0 0 0 0 0 0 0 0 0 0 0 0 0 0 0 0 0 0 0 0 0 0 0 0 0 0 0 0 0 0 0 0 0 0 0 0 0 0 
0 0 0 0 0 0 0 0 0 0 0 0 0 0 0 0 0 0 0 0 0 0 0 0 0 0 0 0 0 0 0 0 0 0 0 0 0 0 0 0 0 0 0 0 0 0 0 0 0 0 0 0 0 0 0 0 0 0 0 0 0 0 0 0 0 0 0 0 0 0 0 0 0 0 0 0 0 0 0 0 0 0 0 0 0 0 0 0 0 0 
0 0 0 0 0 0 0 0 0 0 0 0 0 0 0 0 0 0 0 0 0 0 0 0 0 0 0 0 0 0 0 0 0 0 0 0 0 0 0 0 0 0 0 0 0 0 0 0 0 0 0 0 0 0 0 0 0 0 0 0 0 0 0 0 0 0 0 0 0 0 0 0 0 0 0 0 0 0 0 0 0 0 0 0 0 0 0 0 0 0 
0 0 0 0 0 0 0 0 0 0 0 0 0 0 0 0 0 0 0 0 0 0 0 0 0 0 0 0 0 0 0 0 0 0 0 0 0 0 0 0 0 0 0 0 0 0 0 0 0 0 0 0 0 0 0 0 0 0 0 0 0 0 0 0 0 0 0 0 0 0 0 0 0 0 0 0 0 0 0 0 0 0 0 0 0 0 0 0 0 0 
0 0 0 0 0 0 0 0 0 0 0 0 0 0 0 0 0 0 0 0 0 0 0 0 0 0 0 0 0 0 0 0 0 0 0 0 0 0 0 0 0 0 0 0 0 0 0 0 0 0 0 0 0 0 0 0 0 0 0 0 0 0 0 0 0 0 0 0 0 0 0 0 0 0 0 0 0 0 0 0 0 0 0 0 0 0 0 0 0 0 
0 0 0 0 0 0 0 0 0 0 0 0 0 0 0 0 0 0 0 0 0 0 0 0 0 0 0 0 0 0 0 0 0 0 0 0 0 0 0 0 0 0 0 0 0 0 0 0 0 0 0 0 0 0 0 0 0 0 0 0 0 0 0 0 0 0 0 0 0 0 0 0 0 0 0 0 0 0 0 0 0 0 0 0 0 0 0 0 0 0 
0 0 0 0 0 0 0 0 0 0 0 0 0 0 0 0 0 0 0 0 0 0 0 0 0 0 0 0 0 0 0 0 0 0 0 0 0 0 0 0 0 0 0 0 0 0 0 0 0 0 0 0 0 0 0 0 0 0 0 0 0 0 0 0 0 0 0 0 0 0 0 0 0 0 0 0 0 0 0 0 0 0 0 0 0 0 0 0 0 0 
0 0 0 0 0 0 0 0 0 0 0 0 0 0 0 0 0 0 0 0 0 0 0 0 0 0 0 0 0 0 0 0 0 0 0 0 0 0 0 0 0 0 0 0 0 0 0 0 0 0 0 0 0 0 0 0 0 0 0 0 0 0 0 0 0 0 0 0 0 0 0 0 0 0 0 0 0 0 0 0 0 0 0 0 0 0 0 0 0 0 
0 0 0 0 0 0 0 0 0 0 0 0 0 0 0 0 0 0 0 0 0 0 0 0 0 0 0 0 0 0 0 0 0 0 0 0 0 0 0 0 0 0 0 0 0 0 0 0 0 0 0 0 0 0 0 0 0 0 0 0 0 0 0 0 0 0 0 0 0 0 0 0 0 0 0 0 0 0 0 0 0 0 0 0 0 0 0 0 0 0 
0 0 0 0 0 0 0 0 0 0 0 0 0 0 0 0 0 0 0 0 0 0 0 0 0 0 0 0 0 0 0 0 0 0 0 0 0 0 0 0 0 0 0 0 0 0 0 0 0 0 0 0 0 0 0 0 0 0 0 0 0 0 0 0 0 0 0 0 0 0 0 0 0 0 0 0 0 0 0 0 0 0 0 0 0 0 0 0 0 0 
0 0 0 0 0 0 0 0 0 0 0 0 0 0 0 0 0 0 0 0 0 0 0 0 0 0 0 0 0 0 0 0 0 0 0 0 0 0 0 0 0 0 0 0 0 0 0 0 0 0 0 0 0 0 0 0 0 0 0 0 0 0 0 0 0 0 0 0 0 0 0 0 0 0 0 0 0 0 0 0 0 0 0 0 0 0 0 0 0 0 
0 0 0 0 0 0 0 0 0 0 0 0 0 0 0 0 0 0 0 0 0 0 0 0 0 0 0 0 0 0 0 0 0 0 0 0 0 0 0 0 0 0 0 0 0 0 0 0 0 0 0 0 0 0 0 0 0 0 0 0 0 0 0 0 0 0 0 0 0 0 0 0 0 0 0 0 0 0 0 0 0 0 0 0 0 0 0 0 0 0 
# Events [PSD_Backtrace/PSD_Backtrace.dat] N:
0 0 0 0 0 0 0 0 0 0 0 0 0 0 0 0 0 0 0 0 0 0 0 0 0 0 0 0 0 0 0 0 0 0 0 0 0 0 0 0 0 0 0 0 0 0 0 0 0 0 0 0 0 0 0 0 0 0 0 0 0 0 0 0 0 0 0 0 0 0 0 0 0 0 0 0 0 0 0 0 0 0 0 0 0 0 0 0 0 0 
0 0 0 0 0 0 0 0 0 0 0 0 0 0 0 0 0 0 0 0 0 0 0 0 0 0 0 0 0 0 0 0 0 0 0 0 0 0 0 0 0 0 0 0 0 0 0 0 0 0 0 0 0 0 0 0 0 0 0 0 0 0 0 0 0 0 0 0 0 0 0 0 0 0 0 0 0 0 0 0 0 0 0 0 0 0 0 0 0 0 
0 0 0 0 0 0 0 0 0 0 0 0 0 0 0 0 0 0 0 0 0 0 0 0 0 0 0 0 0 0 0 0 0 0 0 0 0 0 0 0 0 0 0 0 0 0 0 0 0 0 0 0 0 0 0 0 0 0 0 0 0 0 0 0 0 0 0 0 0 0 0 0 0 0 0 0 0 0 0 0 0 0 0 0 0 0 0 0 0 0 
0 0 0 0 0 0 0 0 0 0 0 0 0 0 0 0 0 0 0 0 0 0 0 0 0 0 0 0 0 0 0 0 0 0 0 0 0 0 0 0 0 0 0 0 0 0 0 0 0 0 0 0 0 0 0 0 0 0 0 0 0 0 0 0 0 0 0 0 0 0 0 0 0 0 0 0 0 0 0 0 0 0 0 0 0 0 0 0 0 0 
0 0 0 0 0 0 0 0 0 0 0 0 0 0 0 0 0 0 0 0 0 0 0 0 0 0 0 0 0 0 0 0 0 0 0 0 0 0 0 0 0 0 0 0 0 0 0 0 0 0 0 0 0 0 0 0 0 0 0 0 0 0 0 0 0 0 0 0 0 0 0 0 0 0 0 0 0 0 0 0 0 0 0 0 0 0 0 0 0 0 
0 0 0 0 0 0 0 0 0 0 0 0 0 0 0 0 0 0 0 0 0 0 0 0 0 0 0 0 0 0 0 0 0 0 0 0 0 0 0 0 0 0 0 0 0 0 0 0 0 0 0 0 0 0 0 0 0 0 0 0 0 0 0 0 0 0 0 0 0 0 0 0 0 0 0 0 0 0 0 0 0 0 0 0 0 0 0 0 0 0 
0 0 0 0 0 0 0 0 0 0 0 0 0 0 0 0 0 0 0 0 0 0 0 0 0 0 0 0 0 0 0 0 0 0 0 0 0 0 0 0 0 0 0 0 0 0 0 0 0 0 0 0 0 0 0 0 0 0 0 0 0 0 0 0 0 0 0 0 0 0 0 0 0 0 0 0 0 0 0 0 0 0 0 0 0 0 0 0 0 0 
0 0 0 0 0 0 0 0 0 0 0 0 0 0 0 0 0 0 0 0 0 0 0 0 0 0 0 0 0 0 0 0 0 0 0 0 0 0 0 0 0 0 0 0 0 0 0 0 0 0 0 0 0 0 0 0 0 0 0 0 0 0 0 0 0 0 0 0 0 0 0 0 0 0 0 0 0 0 0 0 0 0 0 0 0 0 0 0 0 0 
0 0 0 0 0 0 0 0 0 0 0 0 0 0 0 0 0 0 0 0 0 0 0 0 0 0 0 0 0 0 0 0 0 0 0 0 0 0 0 0 0 0 0 0 0 0 0 0 0 0 0 0 0 0 0 0 0 0 0 0 0 0 0 0 0 0 0 0 0 0 0 0 0 0 0 0 0 0 0 0 0 0 0 0 0 0 0 0 0 0 
0 0 0 0 0 0 0 0 0 0 0 0 0 0 0 0 0 0 0 0 0 0 0 0 0 0 0 0 0 0 0 0 0 0 0 0 0 0 0 0 0 0 0 0 0 0 0 0 0 0 0 0 0 0 0 0 0 0 0 0 0 0 0 0 0 0 0 0 0 0 0 0 0 0 0 0 0 0 0 0 0 0 0 0 0 0 0 0 0 0 
0 0 0 0 0 0 0 0 0 0 0 0 0 0 0 0 0 0 0 0 0 0 0 0 0 0 0 0 0 0 0 0 0 0 0 0 0 0 0 0 0 0 0 0 0 0 0 0 0 0 0 0 0 0 0 0 0 0 0 0 0 0 0 0 0 0 0 0 0 0 0 0 0 0 0 0 0 0 0 0 0 0 0 0 0 0 0 0 0 0 
0 0 0 0 0 0 0 0 0 0 0 0 0 0 0 0 0 0 0 0 0 0 0 0 0 0 0 0 0 0 0 0 0 0 0 0 0 0 0 0 0 0 0 0 0 0 0 0 0 0 0 0 0 0 0 0 0 0 0 0 0 0 0 0 0 0 0 0 0 0 0 0 0 0 0 0 0 0 0 0 0 0 0 0 0 0 0 0 0 0 
0 0 0 0 0 0 0 0 0 0 0 0 0 0 0 0 0 0 0 0 0 0 0 0 0 0 0 0 0 0 0 0 0 0 0 0 0 0 0 0 0 0 0 0 0 0 0 0 0 0 0 0 0 0 0 0 0 0 0 0 0 0 0 0 0 0 0 0 0 0 0 0 0 0 0 0 0 0 0 0 0 0 0 0 0 0 0 0 0 0 
0 0 0 0 0 0 0 0 0 0 0 0 0 0 0 0 0 0 0 0 0 0 0 0 0 0 0 0 0 0 0 0 0 0 0 0 0 0 0 0 0 0 0 0 0 0 0 0 0 0 0 0 0 0 0 0 0 0 0 0 0 0 0 0 0 0 0 0 0 0 0 0 0 0 0 0 0 0 0 0 0 0 0 0 0 0 0 0 0 0 
0 0 0 0 0 0 0 0 0 0 0 0 0 0 0 0 0 0 0 0 0 0 0 0 0 0 0 0 0 0 0 0 0 0 0 0 0 0 0 0 0 0 0 0 0 0 0 0 0 0 0 0 0 0 0 0 0 0 0 0 0 0 0 0 0 0 0 0 0 0 0 0 0 0 0 0 0 0 0 0 0 0 0 0 0 0 0 0 0 0 
0 0 0 0 0 0 0 0 0 0 0 0 0 0 0 0 0 0 0 0 0 0 0 0 0 0 0 0 0 0 0 0 0 0 0 0 0 0 0 0 0 0 0 0 0 0 0 0 0 0 0 0 0 0 0 0 0 0 0 0 0 0 0 0 0 0 0 0 0 0 0 0 0 0 0 0 0 0 0 0 0 0 0 0 0 0 0 0 0 0 
0 0 0 0 0 0 0 0 0 0 0 0 0 0 0 0 0 0 0 0 0 0 0 0 0 0 0 0 0 0 0 0 0 0 0 0 0 0 0 0 0 0 0 0 0 0 0 0 0 0 0 0 0 0 0 0 0 0 0 0 0 0 0 0 0 0 0 0 0 0 0 0 0 0 0 0 0 0 0 0 0 0 0 0 0 0 0 0 0 0 
0 0 0 0 0 0 0 0 0 0 0 0 0 0 0 0 0 0 0 0 0 0 0 0 0 0 0 0 0 0 0 0 0 0 0 0 0 0 0 0 0 0 0 0 0 0 0 0 0 0 0 0 0 0 0 0 0 0 0 0 0 0 0 0 0 0 0 0 0 0 0 0 0 0 0 0 0 0 0 0 0 0 0 0 0 0 0 0 0 0 
0 0 0 0 0 0 0 0 0 0 0 0 0 0 0 0 0 0 0 0 0 0 0 0 0 0 0 0 0 0 0 0 0 0 0 0 0 0 0 0 0 0 0 0 0 0 0 0 0 0 0 0 0 0 0 0 0 0 0 0 0 0 0 0 0 0 0 0 0 0 0 0 0 0 0 0 0 0 0 0 0 0 0 0 0 0 0 0 0 0 
0 0 0 0 0 0 0 0 0 0 0 0 0 0 0 0 0 0 0 0 0 0 0 0 0 0 0 0 0 0 0 0 0 0 0 0 0 0 0 0 0 0 0 0 0 0 0 0 0 0 0 0 0 0 0 0 0 0 0 0 0 0 0 0 0 0 0 0 0 0 0 0 0 0 0 0 0 0 0 0 0 0 0 0 0 0 0 0 0 0 
0 0 0 0 0 0 0 0 0 0 0 0 0 0 0 0 0 0 0 0 0 0 0 0 0 0 0 0 0 0 0 0 0 0 0 0 0 0 0 0 0 0 0 0 0 0 0 0 0 0 0 0 0 0 0 0 0 0 0 0 0 0 0 0 0 0 0 0 0 0 0 0 0 0 0 0 0 0 0 0 0 0 0 0 0 0 0 0 0 0 
0 0 0 0 0 0 0 0 0 0 0 0 0 0 0 0 0 0 0 0 0 0 0 0 0 0 0 0 0 0 0 0 0 0 0 0 0 0 0 0 0 0 0 0 0 0 0 0 0 0 0 0 0 0 0 0 0 0 0 0 0 0 0 0 0 0 0 0 0 0 0 0 0 0 0 0 0 0 0 0 0 0 0 0 0 0 0 0 0 0 
0 0 0 0 0 0 0 0 0 0 0 0 0 0 0 0 0 0 0 0 0 0 0 0 0 0 0 0 0 0 0 0 0 0 0 0 0 0 0 0 0 0 0 0 0 0 0 0 0 0 0 0 0 0 0 0 0 0 0 0 0 0 0 0 0 0 0 0 0 0 0 0 0 0 0 0 0 0 0 0 0 0 0 0 0 0 0 0 0 0 
0 0 0 0 0 0 0 0 0 0 0 0 0 0 0 0 0 0 0 0 0 0 0 0 0 0 0 0 0 0 0 0 0 0 0 0 0 0 0 0 0 0 0 0 0 0 0 0 0 0 0 0 0 0 0 0 0 0 0 0 0 0 0 0 0 0 0 0 0 0 0 0 0 0 0 0 0 0 0 0 0 0 0 0 0 0 0 0 0 0 
0 0 0 0 0 0 0 0 0 0 0 0 0 0 0 0 0 0 0 0 0 0 0 0 0 0 0 0 0 0 0 0 0 0 0 0 0 0 0 0 0 0 0 0 0 0 0 0 0 0 0 0 0 0 0 0 0 0 0 0 0 0 0 0 0 0 0 0 0 0 0 0 0 0 0 0 0 0 0 0 0 0 0 0 0 0 0 0 0 0 
0 0 0 0 0 0 0 0 0 0 0 0 0 0 0 0 0 0 0 0 0 0 0 0 0 0 0 0 0 0 0 0 0 0 0 0 0 0 0 0 0 0 0 0 0 0 0 0 0 0 0 0 0 0 0 0 0 0 0 0 0 0 0 0 0 0 0 0 0 0 0 0 0 0 0 0 0 0 0 0 0 0 0 0 0 0 0 0 0 0 
0 0 0 0 0 0 0 0 0 0 0 0 0 0 0 0 0 0 0 0 0 0 0 0 0 0 0 0 0 0 0 0 0 0 0 0 0 0 0 0 0 0 0 0 0 0 0 0 0 0 0 0 0 0 0 0 0 0 0 0 0 0 0 0 0 0 0 0 0 0 0 0 0 0 0 0 0 0 0 0 0 0 0 0 0 0 0 0 0 0 
0 0 0 0 0 0 0 0 0 0 0 0 0 0 0 0 0 0 0 0 0 0 0 0 0 0 0 0 0 0 0 0 0 0 0 0 0 0 0 0 0 0 0 0 0 0 0 0 0 0 0 0 0 0 0 0 0 0 0 0 0 0 0 0 0 0 0 0 0 0 0 0 0 0 0 0 0 0 0 0 0 0 0 0 0 0 0 0 0 0 
0 0 0 0 0 0 0 0 0 0 0 0 0 0 0 0 0 0 0 0 0 0 0 0 0 0 0 0 0 0 0 0 0 0 0 0 0 0 0 0 0 0 0 0 0 0 0 0 0 0 0 0 0 0 0 0 0 0 0 0 0 0 0 0 0 0 0 0 0 0 0 0 0 0 0 0 0 0 0 0 0 0 0 0 0 0 0 0 0 0 
0 0 0 0 0 0 0 0 0 0 0 0 0 0 0 0 0 0 0 0 0 0 0 0 0 0 0 0 0 0 0 0 0 0 0 0 0 0 0 0 0 0 0 0 0 0 0 0 0 0 0 0 0 0 0 0 0 0 0 0 0 0 0 0 0 0 0 0 0 0 0 0 0 0 0 0 0 0 0 0 0 0 0 0 0 0 0 0 0 0 
0 0 0 0 0 0 0 0 0 0 0 0 0 0 0 0 0 0 0 0 0 0 0 0 0 0 0 0 0 0 0 0 0 0 0 0 0 0 0 0 0 0 0 0 0 0 0 0 0 0 0 0 0 0 0 0 0 0 0 0 0 0 0 0 0 0 0 0 0 0 0 0 0 0 0 0 0 0 0 0 0 0 0 0 0 0 0 0 0 0 
0 0 0 0 0 0 0 0 0 0 0 0 0 0 0 0 0 0 0 0 0 0 0 0 0 0 0 0 0 0 0 0 0 0 0 0 0 0 0 0 0 0 0 0 0 0 0 0 0 0 0 0 0 0 0 0 0 0 0 0 0 0 0 0 0 0 0 0 0 0 0 0 0 0 0 0 0 0 0 0 0 0 0 0 0 0 0 0 0 0 
0 0 0 0 0 0 0 0 0 0 0 0 0 0 0 0 0 0 0 0 0 0 0 0 0 0 0 0 0 0 0 0 0 0 0 0 0 0 0 0 0 0 0 0 0 0 0 0 0 0 0 0 0 0 0 0 0 0 0 0 0 0 0 0 0 0 0 0 0 0 0 0 0 0 0 0 0 0 0 0 0 0 0 0 0 0 0 0 0 0 
0 0 0 0 0 0 0 0 0 0 0 0 0 0 0 0 0 0 0 0 0 0 0 0 0 0 0 0 0 0 0 0 0 0 0 0 0 0 0 0 0 0 0 0 0 0 0 0 0 0 0 0 0 0 0 0 0 0 0 0 0 0 0 0 0 0 0 0 0 0 0 0 0 0 0 0 0 0 0 0 0 0 0 0 0 0 0 0 0 0 
0 0 0 0 0 0 0 0 0 0 0 0 0 0 0 0 0 0 0 0 0 0 0 0 0 0 0 0 0 0 0 0 0 0 0 0 0 0 0 0 0 0 0 0 0 0 0 0 0 0 0 0 0 0 0 0 0 0 0 0 0 0 0 0 0 0 0 0 0 0 0 0 0 0 0 0 0 0 0 0 0 0 0 0 0 0 0 0 0 0 
0 0 0 0 0 0 0 0 0 0 0 0 0 0 0 0 0 0 0 0 0 0 0 0 0 0 0 0 0 0 0 0 0 0 0 0 0 0 0 0 0 0 0 0 0 0 0 0 0 0 0 0 0 0 0 0 0 0 0 0 0 0 0 0 0 0 0 0 0 0 0 0 0 0 0 0 0 0 0 0 0 0 0 0 0 0 0 0 0 0 
0 0 0 0 0 0 0 0 1 6853 6716 6662 6646 6719 6522 6554 6500 6509 6519 6414 6434 6317 6293 6271 6176 6202 6343 6029 6212 6142 6187 6063 5838 6169 5877 5931 6068 5860 6007 5851 5924 6074 6162 6127 5974 5929 6043 6096 5921 5860 5672 5712 5701 5576 5424 5506 5460 5489 5391 5321 5143 5183 5014 5195 4962 4972 4833 4791 4803 4608 4592 4419 4490 4535 4347 4166 4119 4187 4082 3967 3894 0 0 0 0 0 0 0 0 0 
0 0 0 0 0 0 0 0 0 11310 11623 11508 11342 11318 10943 11073 10877 10577 10665 10252 10025 9485 9233 8871 8820 8914 8904 8830 8963 8855 8912 8987 8807 8871 8913 9131 8918 8883 8867 9113 8858 8947 8833 8617 8675 8756 8372 8032 7839 8179 8083 8101 7950 7845 7905 7619 7640 7611 7504 7613 7238 7111 7092 6974 6787 6924 6796 6687 6605 6513 6390 6477 6316 6205 6130 6060 5852 5988 5733 5385 5433 0 0 0 0 0 0 0 0 0 
0 0 0 0 0 0 0 0 0 13372 13594 13846 14196 14195 14180 14445 14157 14034 13911 13805 14045 13727 13613 13382 12842 12446 12244 11831 11944 11794 11539 11436 11681 11523 11593 11836 11706 11678 11563 11895 11801 11987 12509 12606 13022 12716 12334 11999 11575 11660 11559 11314 11353 11076 11250 11182 11013 10716 10681 10716 10669 10516 10368 10141 10302 10145 10023 10107 9767 9598 9727 9684 9484 9356 9151 9128 9157 8872 8761 8439 8417 0 0 0 0 0 0 0 0 0 
0 0 0 0 0 0 0 0 0 12240 12726 13106 13397 13279 13235 13323 13133 12990 13245 13361 13224 12751 12443 11526 10669 9314 8210 7570 7418 7186 7306 7227 7122 7299 7279 7288 7377 7460 7517 7524 8052 9015 10527 11981 13186 13696 13972 13632 13325 12921 12680 12536 12187 12196 12159 11989 11942 11825 11746 12058 11787 11764 11443 11326 11365 11238 11151 10782 10970 10648 10524 10551 10399 10198 10306 9970 10020 9735 9259 8947 8777 0 0 0 0 0 0 0 0 0 
0 0 0 0 0 0 0 0 0 10786 11145 11542 11534 11681 11884 11806 11577 11519 12019 12393 12450 11852 10557 10091 8554 7021 5348 4490 4291 4530 4485 4436 4486 4649 4480 4602 4713 4651 4635 4720 5285 6547 8329 9967 11417 12109 12761 12428 11728 10773 10041 10082 10067 9639 9544 9366 9312 9332 9405 9621 9678 9654 9196 9140 9234 9070 9207 8976 8960 8902 8903 8616 8594 8486 8376 8433 8273 7834 7802 7422 7073 0 0 0 0 0 0 0 0 0 
0 0 0 0 0 0 0 0 0 9322 9760 10082 10077 10110 10218 10304 10045 10154 10503 11204 11778 10874 10220 9407 7853 6054 4425 3548 3661 3777 3846 3741 3789 3799 3906 3836 3875 3958 3858 3775 4206 5360 7217 9049 10693 11999 12633 12483 11927 10618 10114 9980 9746 9424 9431 9166 9079 8955 9109 9269 9459 9179 9029 8828 8976 8928 8781 8560 8474 8289 8264 7986 7876 7470 7487 7261 6972 6743 6368 5883 5795 0 0 0 0 0 0 0 0 0 
0 0 0 0 0 0 0 0 0 8168 8256 8756 8822 8961 8951 9050 8705 8999 9586 10300 10419 9637 8653 7979 6811 5040 3378 2755 2736 2863 3042 2956 2970 2930 3013 3127 2982 2862 2772 2733 3053 4192 6388 8471 10488 11705 12575 12697 11799 11085 10347 10123 9916 9802 9351 9293 9076 8938 9100 9265 9346 9257 8955 8936 9085 8832 8925 8820 8618 8472 8328 8043 7816 7530 7245 7029 6915 6613 6263 5935 5535 1 0 0 0 0 0 0 0 0 
0 0 0 0 0 0 0 0 0 7579 7967 7992 8074 8409 8384 8318 8253 8313 8950 9661 9603 8793 7887 7172 6034 4211 2778 1992 2021 2199 2242 2291 2245 2281 2228 2145 2203 2231 2009 1864 2361 3623 5529 7925 10174 11557 12087 12388 11678 11008 10080 9954 9591 9542 9335 9108 8835 8568 8814 8975 9106 8903 8809 8631 8667 8742 8442 8583 8406 8335 8260 8024 7686 7658 7389 7125 6819 6678 6176 5917 5460 0 0 0 0 0 0 0 0 0 
0 0 0 0 0 0 0 0 0 7616 7599 7868 7855 7823 8323 8372 8341 8206 9170 9398 9519 8656 7957 7141 5778 4176 2599 1869 2011 2046 2190 2118 2100 2115 2112 2053 2096 2045 1956 1800 2259 3461 5648 7927 10013 11383 12288 12264 11926 10894 9882 9609 9545 9444 9400 8813 8842 8431 8537 8616 8836 8784 8843 8399 8771 8709 8696 8496 8235 8232 7964 7886 7680 7273 7095 7088 6762 6343 6033 5867 5303 0 0 0 0 0 0 0 0 0 
0 0 0 0 0 0 0 0 0 7458 7662 7838 7900 8130 8257 8391 8064 8118 8749 9414 9316 8581 7683 7151 5933 4002 2592 1891 1893 2112 2134 2085 2140 2091 2148 2044 2066 2025 1849 1741 2228 3587 5730 8045 10326 11461 12168 12355 11739 10962 9878 9562 9524 9399 9243 8934 8840 8532 8485 8621 8596 8665 8309 8550 8620 8607 8520 8489 8331 8146 8252 7835 7764 7345 7204 6973 6653 6440 6038 5833 5416 0 0 0 0 0 0 0 0 0 
0 0 0 0 0 0 0 0 0 7819 7730 7722 8132 8077 8196 8236 8133 7964 8936 9609 9658 8535 7823 7046 5982 4131 2708 1924 1999 2170 2205 2190 2160 2121 2128 2130 2161 2054 1841 1863 2246 3552 5712 7923 10135 11459 12225 12410 11875 10832 10072 9724 9711 9474 9121 9081 8671 8492 8503 8812 8986 8695 8766 8246 8766 8724 8499 8564 8415 8328 8064 7957 7665 7491 7128 6891 6814 6402 6233 5745 5427 0 0 0 0 0 0 0 0 0 
0 0 0 0 0 0 0 0 0 8022 7905 8305 8664 8535 8662 8611 8497 8523 9159 9900 10118 9206 8362 7653 6475 4674 3273 2523 2447 2651 2733 2775 2769 2728 2802 2644 2830 2689 2569 2431 2923 4152 6143 8329 10544 11735 12387 12656 12015 11062 10394 10007 10027 9611 9561 9238 8860 8877 8739 9041 9314 9354 8758 8932 8899 8766 8515 8836 8538 8267 8165 8084 7747 7508 7328 7086 6866 6597 6326 6072 5584 0 0 0 0 0 0 0 0 0 
0 0 0 0 0 0 0 0 0 9059 9345 9666 9481 9634 9963 9956 9827 9623 10301 11000 11457 10669 9793 9089 7723 5704 4400 3723 3565 3712 3738 3840 3757 3822 3787 3902 3755 3796 3606 3571 4087 5272 7035 9074 11062 11675 12673 12552 12144 11042 10192 10185 10075 9768 9307 9012 8966 8808 9047 9282 9511 9303 8914 8850 8940 8889 8864 8718 8468 8374 8262 8058 7783 7564 7286 7139 7042 6735 6393 6048 5551 0 0 0 0 0 0 0 0 0 
0 0 0 0 0 0 0 0 0 10471 10798 11082 11031 11248 11436 11164 10958 11208 11699 12454 12353 11700 10678 9830 8447 6488 5097 4313 4152 4206 4180 4261 4271 4441 4420 4456 4437 4401 4427 4544 5179 6125 8007 9694 11174 11873 12053 12110 11373 10239 9722 9627 9379 9164 9034 8868 8514 8479 8608 8927 8978 8675 8487 8494 8466 8441 8573 8328 8360 8284 8357 8190 7955 7855 7859 7907 7718 7629 7358 6962 6647 0 0 0 0 0 0 0 0 0 
0 0 0 0 0 0 0 0 1 11915 12433 12391 12626 12724 12903 12656 12613 12602 12836 12776 13170 12014 11512 10726 9497 8098 7111 6301 6180 5968 5934 5967 6058 5893 6032 6090 6259 6218 6339 6354 6958 8011 9508 10674 11603 12419 13066 12726 12332 11685 11514 11471 11499 11153 10954 10828 10794 10691 10662 10835 10829 10521 10570 10599 10375 10605 10346 10304 10455 10275 10323 10053 9746 9768 9708 9686 9737 9430 9248 8757 8574 0 0 0 0 0 0 0 0 0 
0 0 0 0 0 0 0 0 0 12135 12405 12541 12493 12587 12643 12559 12328 12497 12474 12209 12295 11752 11796 11608 11364 10913 10675 10277 10416 10016 10067 10166 10102 10266 10085 9949 10121 10046 10002 10251 10290 10670 10697 10946 10880 11053 10948 10669 10554 10487 10444 10370 10343 10226 9888 10150 9955 9729 9646 9614 9842 9361 9712 9501 9366 9173 9247 9211 9166 9037 9074 8932 8640 8795 8407 8410 8349 8209 8017 8136 7866 0 0 0 0 0 0 0 0 0 
0 0 0 0 0 0 0 0 0 11342 11702 11588 11645 11439 11446 11194 11198 10987 10721 10518 10449 9524 9064 9045 8993 9023 8865 9009 9058 8860 8911 8872 8924 8901 9018 8954 8889 8986 8879 8883 8899 8854 8659 8631 8408 8319 8095 8239 8005 7929 7898 8080 7886 7822 7728 7521 7695 7366 7404 7433 7452 7325 7148 7114 7008 7080 6914 6991 6785 6699 6587 6538 6543 6329 6190 6248 6047 5963 5758 5819 5772 0 0 0 0 0 0 0 0 0 
0 0 0 0 0 0 0 0 0 8601 8777 8476 8395 8135 7894 7945 7889 7502 7650 7277 7115 6688 6613 6611 6565 6651 6778 6621 6602 6529 6689 6576 6497 6701 6769 6609 6581 6543 6671 6737 6688 6671 6589 6587 6536 6252 6345 6461 6406 6440 6265 6246 6318 5950 6082 6083 6020 5975 5815 5837 5879 5732 5622 5542 5381 5437 5370 5325 5306 5354 5141 5132 5037 4875 4764 4761 4805 4755 4535 4452 4523 0 0 0 0 0 0 0 0 0 
0 0 0 0 0 0 0 0 0 0 0 0 0 0 0 0 0 0 0 0 0 0 0 0 0 0 0 0 0 0 0 0 0 0 0 0 0 0 0 0 0 0 0 0 0 0 0 0 0 0 0 0 0 0 0 0 0 0 0 0 0 0 0 0 0 0 0 0 0 0 0 0 0 0 0 0 0 0 0 0 0 0 0 0 0 0 0 0 0 0 
0 0 0 0 0 0 0 0 0 0 0 0 0 0 0 0 0 0 0 0 0 0 0 0 0 0 0 0 0 0 0 0 0 0 0 0 0 0 0 0 0 0 0 0 0 0 0 0 0 0 0 0 0 0 0 0 0 0 0 0 0 0 0 0 0 0 0 0 0 0 0 0 0 0 0 0 0 0 0 0 0 0 0 0 0 0 0 0 0 0 
0 0 0 0 0 0 0 0 0 0 0 0 0 0 0 0 0 0 0 0 0 0 0 0 0 0 0 0 0 0 0 0 0 0 0 0 0 0 0 0 0 0 0 0 0 0 0 0 0 0 0 0 0 0 0 0 0 0 0 0 0 0 0 0 0 0 0 0 0 0 0 0 0 0 0 0 0 0 0 0 0 0 0 0 0 0 0 0 0 0 
0 0 0 0 0 0 0 0 0 0 0 0 0 0 0 0 0 0 0 0 0 0 0 0 0 0 0 0 0 0 0 0 0 0 0 0 0 0 0 0 0 0 0 0 0 0 0 0 0 0 0 0 0 0 0 0 0 0 0 0 0 0 0 0 0 0 0 0 0 0 0 0 0 0 0 0 0 0 0 0 0 0 0 0 0 0 0 0 0 0 
0 0 0 0 0 0 0 0 0 0 0 0 0 0 0 0 0 0 0 0 0 0 0 0 0 0 0 0 0 0 0 0 0 0 0 0 0 0 0 0 0 0 0 0 0 0 0 0 0 0 0 0 0 0 0 0 0 0 0 0 0 0 0 0 0 0 0 0 0 0 0 0 0 0 0 0 0 0 0 0 0 0 0 0 0 0 0 0 0 0 
0 0 0 0 0 0 0 0 0 0 0 0 0 0 0 0 0 0 0 0 0 0 0 0 0 0 0 0 0 0 0 0 0 0 0 0 0 0 0 0 0 0 0 0 0 0 0 0 0 0 0 0 0 0 0 0 0 0 0 0 0 0 0 0 0 0 0 0 0 0 0 0 0 0 0 0 0 0 0 0 0 0 0 0 0 0 0 0 0 0 
0 0 0 0 0 0 0 0 0 0 0 0 0 0 0 0 0 0 0 0 0 0 0 0 0 0 0 0 0 0 0 0 0 0 0 0 0 0 0 0 0 0 0 0 0 0 0 0 0 0 0 0 0 0 0 0 0 0 0 0 0 0 0 0 0 0 0 0 0 0 0 0 0 0 0 0 0 0 0 0 0 0 0 0 0 0 0 0 0 0 
0 0 0 0 0 0 0 0 0 0 0 0 0 0 0 0 0 0 0 0 0 0 0 0 0 0 0 0 0 0 0 0 0 0 0 0 0 0 0 0 0 0 0 0 0 0 0 0 0 0 0 0 0 0 0 0 0 0 0 0 0 0 0 0 0 0 0 0 0 0 0 0 0 0 0 0 0 0 0 0 0 0 0 0 0 0 0 0 0 0 
0 0 0 0 0 0 0 0 0 0 0 0 0 0 0 0 0 0 0 0 0 0 0 0 0 0 0 0 0 0 0 0 0 0 0 0 0 0 0 0 0 0 0 0 0 0 0 0 0 0 0 0 0 0 0 0 0 0 0 0 0 0 0 0 0 0 0 0 0 0 0 0 0 0 0 0 0 0 0 0 0 0 0 0 0 0 0 0 0 0 
0 0 0 0 0 0 0 0 0 0 0 0 0 0 0 0 0 0 0 0 0 0 0 0 0 0 0 0 0 0 0 0 0 0 0 0 0 0 0 0 0 0 0 0 0 0 0 0 0 0 0 0 0 0 0 0 0 0 0 0 0 0 0 0 0 0 0 0 0 0 0 0 0 0 0 0 0 0 0 0 0 0 0 0 0 0 0 0 0 0 
0 0 0 0 0 0 0 0 0 0 0 0 0 0 0 0 0 0 0 0 0 0 0 0 0 0 0 0 0 0 0 0 0 0 0 0 0 0 0 0 0 0 0 0 0 0 0 0 0 0 0 0 0 0 0 0 0 0 0 0 0 0 0 0 0 0 0 0 0 0 0 0 0 0 0 0 0 0 0 0 0 0 0 0 0 0 0 0 0 0 
0 0 0 0 0 0 0 0 0 0 0 0 0 0 0 0 0 0 0 0 0 0 0 0 0 0 0 0 0 0 0 0 0 0 0 0 0 0 0 0 0 0 0 0 0 0 0 0 0 0 0 0 0 0 0 0 0 0 0 0 0 0 0 0 0 0 0 0 0 0 0 0 0 0 0 0 0 0 0 0 0 0 0 0 0 0 0 0 0 0 
0 0 0 0 0 0 0 0 0 0 0 0 0 0 0 0 0 0 0 0 0 0 0 0 0 0 0 0 0 0 0 0 0 0 0 0 0 0 0 0 0 0 0 0 0 0 0 0 0 0 0 0 0 0 0 0 0 0 0 0 0 0 0 0 0 0 0 0 0 0 0 0 0 0 0 0 0 0 0 0 0 0 0 0 0 0 0 0 0 0 
0 0 0 0 0 0 0 0 0 0 0 0 0 0 0 0 0 0 0 0 0 0 0 0 0 0 0 0 0 0 0 0 0 0 0 0 0 0 0 0 0 0 0 0 0 0 0 0 0 0 0 0 0 0 0 0 0 0 0 0 0 0 0 0 0 0 0 0 0 0 0 0 0 0 0 0 0 0 0 0 0 0 0 0 0 0 0 0 0 0 
0 0 0 0 0 0 0 0 0 0 0 0 0 0 0 0 0 0 0 0 0 0 0 0 0 0 0 0 0 0 0 0 0 0 0 0 0 0 0 0 0 0 0 0 0 0 0 0 0 0 0 0 0 0 0 0 0 0 0 0 0 0 0 0 0 0 0 0 0 0 0 0 0 0 0 0 0 0 0 0 0 0 0 0 0 0 0 0 0 0 
0 0 0 0 0 0 0 0 0 0 0 0 0 0 0 0 0 0 0 0 0 0 0 0 0 0 0 0 0 0 0 0 0 0 0 0 0 0 0 0 0 0 0 0 0 0 0 0 0 0 0 0 0 0 0 0 0 0 0 0 0 0 0 0 0 0 0 0 0 0 0 0 0 0 0 0 0 0 0 0 0 0 0 0 0 0 0 0 0 0 
0 0 0 0 0 0 0 0 0 0 0 0 0 0 0 0 0 0 0 0 0 0 0 0 0 0 0 0 0 0 0 0 0 0 0 0 0 0 0 0 0 0 0 0 0 0 0 0 0 0 0 0 0 0 0 0 0 0 0 0 0 0 0 0 0 0 0 0 0 0 0 0 0 0 0 0 0 0 0 0 0 0 0 0 0 0 0 0 0 0 
0 0 0 0 0 0 0 0 0 0 0 0 0 0 0 0 0 0 0 0 0 0 0 0 0 0 0 0 0 0 0 0 0 0 0 0 0 0 0 0 0 0 0 0 0 0 0 0 0 0 0 0 0 0 0 0 0 0 0 0 0 0 0 0 0 0 0 0 0 0 0 0 0 0 0 0 0 0 0 0 0 0 0 0 0 0 0 0 0 0 
0 0 0 0 0 0 0 0 0 0 0 0 0 0 0 0 0 0 0 0 0 0 0 0 0 0 0 0 0 0 0 0 0 0 0 0 0 0 0 0 0 0 0 0 0 0 0 0 0 0 0 0 0 0 0 0 0 0 0 0 0 0 0 0 0 0 0 0 0 0 0 0 0 0 0 0 0 0 0 0 0 0 0 0 0 0 0 0 0 0 
0 0 0 0 0 0 0 0 0 0 0 0 0 0 0 0 0 0 0 0 0 0 0 0 0 0 0 0 0 0 0 0 0 0 0 0 0 0 0 0 0 0 0 0 0 0 0 0 0 0 0 0 0 0 0 0 0 0 0 0 0 0 0 0 0 0 0 0 0 0 0 0 0 0 0 0 0 0 0 0 0 0 0 0 0 0 0 0 0 0 
0 0 0 0 0 0 0 0 0 0 0 0 0 0 0 0 0 0 0 0 0 0 0 0 0 0 0 0 0 0 0 0 0 0 0 0 0 0 0 0 0 0 0 0 0 0 0 0 0 0 0 0 0 0 0 0 0 0 0 0 0 0 0 0 0 0 0 0 0 0 0 0 0 0 0 0 0 0 0 0 0 0 0 0 0 0 0 0 0 0 
0 0 0 0 0 0 0 0 0 0 0 0 0 0 0 0 0 0 0 0 0 0 0 0 0 0 0 0 0 0 0 0 0 0 0 0 0 0 0 0 0 0 0 0 0 0 0 0 0 0 0 0 0 0 0 0 0 0 0 0 0 0 0 0 0 0 0 0 0 0 0 0 0 0 0 0 0 0 0 0 0 0 0 0 0 0 0 0 0 0 
0 0 0 0 0 0 0 0 0 0 0 0 0 0 0 0 0 0 0 0 0 0 0 0 0 0 0 0 0 0 0 0 0 0 0 0 0 0 0 0 0 0 0 0 0 0 0 0 0 0 0 0 0 0 0 0 0 0 0 0 0 0 0 0 0 0 0 0 0 0 0 0 0 0 0 0 0 0 0 0 0 0 0 0 0 0 0 0 0 0 
0 0 0 0 0 0 0 0 0 0 0 0 0 0 0 0 0 0 0 0 0 0 0 0 0 0 0 0 0 0 0 0 0 0 0 0 0 0 0 0 0 0 0 0 0 0 0 0 0 0 0 0 0 0 0 0 0 0 0 0 0 0 0 0 0 0 0 0 0 0 0 0 0 0 0 0 0 0 0 0 0 0 0 0 0 0 0 0 0 0 
0 0 0 0 0 0 0 0 0 0 0 0 0 0 0 0 0 0 0 0 0 0 0 0 0 0 0 0 0 0 0 0 0 0 0 0 0 0 0 0 0 0 0 0 0 0 0 0 0 0 0 0 0 0 0 0 0 0 0 0 0 0 0 0 0 0 0 0 0 0 0 0 0 0 0 0 0 0 0 0 0 0 0 0 0 0 0 0 0 0 
0 0 0 0 0 0 0 0 0 0 0 0 0 0 0 0 0 0 0 0 0 0 0 0 0 0 0 0 0 0 0 0 0 0 0 0 0 0 0 0 0 0 0 0 0 0 0 0 0 0 0 0 0 0 0 0 0 0 0 0 0 0 0 0 0 0 0 0 0 0 0 0 0 0 0 0 0 0 0 0 0 0 0 0 0 0 0 0 0 0 
0 0 0 0 0 0 0 0 0 0 0 0 0 0 0 0 0 0 0 0 0 0 0 0 0 0 0 0 0 0 0 0 0 0 0 0 0 0 0 0 0 0 0 0 0 0 0 0 0 0 0 0 0 0 0 0 0 0 0 0 0 0 0 0 0 0 0 0 0 0 0 0 0 0 0 0 0 0 0 0 0 0 0 0 0 0 0 0 0 0 
0 0 0 0 0 0 0 0 0 0 0 0 0 0 0 0 0 0 0 0 0 0 0 0 0 0 0 0 0 0 0 0 0 0 0 0 0 0 0 0 0 0 0 0 0 0 0 0 0 0 0 0 0 0 0 0 0 0 0 0 0 0 0 0 0 0 0 0 0 0 0 0 0 0 0 0 0 0 0 0 0 0 0 0 0 0 0 0 0 0 
0 0 0 0 0 0 0 0 0 0 0 0 0 0 0 0 0 0 0 0 0 0 0 0 0 0 0 0 0 0 0 0 0 0 0 0 0 0 0 0 0 0 0 0 0 0 0 0 0 0 0 0 0 0 0 0 0 0 0 0 0 0 0 0 0 0 0 0 0 0 0 0 0 0 0 0 0 0 0 0 0 0 0 0 0 0 0 0 0 0 
0 0 0 0 0 0 0 0 0 0 0 0 0 0 0 0 0 0 0 0 0 0 0 0 0 0 0 0 0 0 0 0 0 0 0 0 0 0 0 0 0 0 0 0 0 0 0 0 0 0 0 0 0 0 0 0 0 0 0 0 0 0 0 0 0 0 0 0 0 0 0 0 0 0 0 0 0 0 0 0 0 0 0 0 0 0 0 0 0 0 
0 0 0 0 0 0 0 0 0 0 0 0 0 0 0 0 0 0 0 0 0 0 0 0 0 0 0 0 0 0 0 0 0 0 0 0 0 0 0 0 0 0 0 0 0 0 0 0 0 0 0 0 0 0 0 0 0 0 0 0 0 0 0 0 0 0 0 0 0 0 0 0 0 0 0 0 0 0 0 0 0 0 0 0 0 0 0 0 0 0 
0 0 0 0 0 0 0 0 0 0 0 0 0 0 0 0 0 0 0 0 0 0 0 0 0 0 0 0 0 0 0 0 0 0 0 0 0 0 0 0 0 0 0 0 0 0 0 0 0 0 0 0 0 0 0 0 0 0 0 0 0 0 0 0 0 0 0 0 0 0 0 0 0 0 0 0 0 0 0 0 0 0 0 0 0 0 0 0 0 0 
0 0 0 0 0 0 0 0 0 0 0 0 0 0 0 0 0 0 0 0 0 0 0 0 0 0 0 0 0 0 0 0 0 0 0 0 0 0 0 0 0 0 0 0 0 0 0 0 0 0 0 0 0 0 0 0 0 0 0 0 0 0 0 0 0 0 0 0 0 0 0 0 0 0 0 0 0 0 0 0 0 0 0 0 0 0 0 0 0 0 
0 0 0 0 0 0 0 0 0 0 0 0 0 0 0 0 0 0 0 0 0 0 0 0 0 0 0 0 0 0 0 0 0 0 0 0 0 0 0 0 0 0 0 0 0 0 0 0 0 0 0 0 0 0 0 0 0 0 0 0 0 0 0 0 0 0 0 0 0 0 0 0 0 0 0 0 0 0 0 0 0 0 0 0 0 0 0 0 0 0 
0 0 0 0 0 0 0 0 0 0 0 0 0 0 0 0 0 0 0 0 0 0 0 0 0 0 0 0 0 0 0 0 0 0 0 0 0 0 0 0 0 0 0 0 0 0 0 0 0 0 0 0 0 0 0 0 0 0 0 0 0 0 0 0 0 0 0 0 0 0 0 0 0 0 0 0 0 0 0 0 0 0 0 0 0 0 0 0 0 0 
0 0 0 0 0 0 0 0 0 0 0 0 0 0 0 0 0 0 0 0 0 0 0 0 0 0 0 0 0 0 0 0 0 0 0 0 0 0 0 0 0 0 0 0 0 0 0 0 0 0 0 0 0 0 0 0 0 0 0 0 0 0 0 0 0 0 0 0 0 0 0 0 0 0 0 0 0 0 0 0 0 0 0 0 0 0 0 0 0 0 
