# Format: McCode with text headers
# URL: http://www.mccode.org
# Creator:  3.99.99, git
# Instrument: ODIN_MCPL_TOF_train4.instr
# Ncount: 885236
# Trace: no
# Gravitation: no
# TOF_TRAIN: 100
# Seed: 1000
# Directory: Filterscan/1
# Nodes: 12
# Param: l_min=1
# Param: l_max=11
# Param: n_pulses=1
# Param: wfm_delta=0.3
# Param: bp_frequency=7
# Param: WFM1_phase_offset=0
# Param: jitter_wfmc_1=0
# Param: WFM2_phase_offset=0
# Param: jitter_wfmc_2=0
# Param: fo1_phase_offset=0
# Param: jitter_fo_chopper_1=0
# Param: bp1_phase_offset=0
# Param: jitter_bp1=0
# Param: fo2_phase_offset=0
# Param: jitter_fo_chopper_2=0
# Param: bp2_phase_offset=0
# Param: jitter_bp2=0
# Param: t0_phase_offset=0
# Param: jit_t0_sec=0
# Param: fo3_phase_offset=0
# Param: jitter_fo_chopper_3=0
# Param: fo4_phase_offset=0
# Param: jitter_fo_chopper_4=0
# Param: fo5_phase_offset=0
# Param: jitter_fo_chopper_5=0
# Param: choppers=2
# Param: target_tsplit=3
# Param: filter=1
# Param: repeat=1
# Param: v_smear=0.1
# Param: pos_smear=0.01
# Param: dir_smear=0.01
# Date: Sun Mar  1 17:38:56 2026 (1772383136)
# type: array_1d(300)
# Source: ODIN_MCPL_baseline (ODIN_MCPL_TOF_train4.instr)
# component: wavelength
# position: 49.4198 0 -35.0741
# title: Wavelength [Angs] monitor
# Ncount: 10622832
# filename: wavelength.dat
# statistics: X0=3.55117; dX=1.41996;
# signal: Min=0; Max=1.01537e+08; Mean=8.41908e+06;
# values: 2.52572e+09 9.28181e+07 43878
# xvar: L
# yvar: (I,I_err)
# xlabel: Wavelength [Angs]
# ylabel: Intensity [n/s/bin]
# xlimits: 0.5 10
# variables: L I I_err N
0.5158333333 0 0 0 
0.5475 0 0 0 
0.5791666667 0 0 0 
0.6108333333 0 0 0 
0.6425 0 0 0 
0.6741666667 0 0 0 
0.7058333333 0 0 0 
0.7375 0 0 0 
0.7691666667 0 0 0 
0.8008333333 0 0 0 
0.8325 0 0 0 
0.8641666667 0 0 0 
0.8958333333 0 0 0 
0.9275 0 0 0 
0.9591666667 0 0 0 
0.9908333333 6424.872559 6471.334436 40 
1.0225 4322630.099 3115144.962 308 
1.054166667 1457908.406 595682.6035 430 
1.085833333 4549497.931 1320067.486 675 
1.1175 5083318.57 1638010.236 843 
1.149166667 8361010.206 2640848.698 948 
1.180833333 4879392.064 1318480.797 1045 
1.2125 8238809.284 2119973.282 1106 
1.244166667 11221971.51 3845790.921 1171 
1.275833333 10442314.45 2360870.655 1179 
1.3075 9673491.032 2845489.632 1228 
1.339166667 10713763.63 2062403.913 1233 
1.370833333 14856912.96 4264057.381 1319 
1.4025 9512546.82 2563125.48 1199 
1.434166667 14769319.18 3319864.289 1158 
1.465833333 9633387.034 3094693.212 1152 
1.4975 7913040.555 1979222.759 1150 
1.529166667 9141320.877 2570644.322 1124 
1.560833333 11829618.02 2675723.077 1052 
1.5925 8162689.828 1557474.236 1126 
1.624166667 13665971.2 3236316.423 998 
1.655833333 11983461.77 3193188.542 1011 
1.6875 9290451.725 3009820.989 1019 
1.719166667 11503194.56 3318085.596 922 
1.750833333 8883943.095 2348155.052 947 
1.7825 8144848.486 2489189.943 887 
1.814166667 20629917.08 6060703.484 811 
1.845833333 7274582.526 1680162.02 757 
1.8775 15633112.05 4068568.545 745 
1.909166667 9192732.971 2877535.822 690 
1.940833333 11272055.33 4065966.37 625 
1.9725 7942383.413 2031002.058 701 
2.004166667 15529669.62 5582720.105 620 
2.035833333 10933608.38 3296319.536 574 
2.0675 20947441.74 5873254.779 589 
2.099166667 11849399.16 4580411.092 553 
2.130833333 11483333.41 3885417.586 518 
2.1625 6737630.152 1924416.855 469 
2.194166667 9441039.62 3306883.776 477 
2.225833333 5617925.341 2109253.855 403 
2.2575 23551838.87 8203710.013 393 
2.289166667 14094519.57 4334613.146 337 
2.320833333 12872817.54 3819524.364 332 
2.3525 10101307.59 2995627.121 287 
2.384166667 17828325.38 7946692.887 248 
2.415833333 10457540.95 3119221.767 254 
2.4475 8278584.458 2724779.363 170 
2.479166667 11656529.77 3864105.2 141 
2.510833333 16806862.53 6477266.79 159 
2.5425 15848243.81 4029749.373 208 
2.574166667 25054080.2 10199818 266 
2.605833333 23090916.41 6907782.643 253 
2.6375 18198422.91 4234861.793 260 
2.669166667 34908689.84 7286788.73 244 
2.700833333 30348761.39 7008958.466 225 
2.7325 17482742.6 5050482.424 245 
2.764166667 25685023.91 6411328.989 212 
2.795833333 21050572.9 4804857.497 193 
2.8275 44988376.89 12060648.23 194 
2.859166667 26951642.58 7122172.602 184 
2.890833333 32388484.46 7417862.058 200 
2.9225 23017823.75 7246890.856 183 
2.954166667 21873176.81 7344948.651 164 
2.985833333 34682536.4 8088248.05 166 
3.0175 40953650.8 12904143.25 151 
3.049166667 26630218.3 7292498.992 151 
3.080833333 10589698.01 2547604.408 133 
3.1125 48875368.65 10901745.51 168 
3.144166667 34206819.82 8510660.588 138 
3.175833333 34354697.42 8311596.127 136 
3.2075 23930320.77 6610800.662 105 
3.239166667 24445887.21 6531547.395 108 
3.270833333 13292927.37 3599997.168 105 
3.3025 52508957.54 12243545.53 122 
3.334166667 101536595.3 49781603.54 99 
3.365833333 27460663.26 8210200.076 103 
3.3975 25703816.48 6665397.509 100 
3.429166667 28922424.74 8941578.743 93 
3.460833333 26709520.9 7545562.714 94 
3.4925 29149166.07 9306225.258 84 
3.524166667 20453400.5 6348310.819 89 
3.555833333 21937660.34 6433358.018 83 
3.5875 21425077.3 6517256.422 80 
3.619166667 26033796.2 7359226.524 78 
3.650833333 22824426 7041298.385 59 
3.6825 24295271.85 8026073.334 69 
3.714166667 17367952.61 5831350.378 52 
3.745833333 16941471.79 5367145.579 54 
3.7775 13227949.82 4581082.09 51 
3.809166667 8915729.829 4320610.543 38 
3.840833333 15125659.69 5751687.794 49 
3.8725 18270859.68 7778360.471 37 
3.904166667 6868922.171 4624768.9 37 
3.935833333 13958715.7 4536737.523 60 
3.9675 16578442.45 5457887 61 
3.999166667 28623846.69 13643958.36 47 
4.030833333 51138204.4 31239576.78 47 
4.0625 28742127.42 11118745.91 49 
4.094166667 14167620.12 4483374.782 56 
4.125833333 22811954.83 7097039.18 56 
4.1575 9727388.055 4140691.229 39 
4.189166667 12154819.13 4704153.24 52 
4.220833333 17849352.76 6329420.57 41 
4.2525 8510847.472 2964804.253 28 
4.284166667 6541910.091 2966558.555 26 
4.315833333 15893612.79 4823180.156 46 
4.3475 13192389.32 5439394.287 32 
4.379166667 16495067.12 6318208.327 30 
4.410833333 6104494.489 2352365.297 33 
4.4425 14883697.14 8584927.391 32 
4.474166667 3706204.144 2136051.663 31 
4.505833333 4548955.674 1809102.444 33 
4.5375 7207601.505 2257761.166 33 
4.569166667 24565059.1 8189858.762 39 
4.600833333 17709471.7 7607743.909 25 
4.6325 7435011.403 3453530.034 28 
4.664166667 11997571.61 6837684.838 23 
4.695833333 11853036.59 5161180.063 34 
4.7275 11205605.21 5414163.382 22 
4.759166667 13155293.6 5369613.636 20 
4.790833333 13032789.35 5188605.399 24 
4.8225 7552729.797 3418779.657 26 
4.854166667 10195400.04 4625400.678 38 
4.885833333 3431696.281 2120803.74 11 
4.9175 11350086.56 4611289.758 31 
4.949166667 12024826.19 5884458.587 18 
4.980833333 2867248.953 1654029.642 15 
5.0125 10443949.96 6801502.454 19 
5.044166667 10122411.4 4078573.255 20 
5.075833333 17490904.48 10336032.1 11 
5.1075 6401022.133 3551703.789 19 
5.139166667 9622245.402 4246833.804 21 
5.170833333 2814751.705 1768575.485 7 
5.2025 5280069.597 3811848.424 11 
5.234166667 4218825.834 2639524.167 11 
5.265833333 7591809.75 4184853.55 16 
5.2975 6734369.193 4433101.319 15 
5.329166667 5789284.474 3177244.702 16 
5.360833333 2174007.131 1560487.477 13 
5.3925 10716830.12 5594082.59 15 
5.424166667 8715129.641 3844776.557 19 
5.455833333 12238999.13 8795706.446 15 
5.4875 5942087.945 2718281.854 16 
5.519166667 3109632.405 2258014.531 12 
5.550833333 6515365.09 3914870.985 15 
5.5825 4977857.423 3551032.205 8 
5.614166667 4145057.011 2324609.698 11 
5.645833333 4136938.795 2673182.397 15 
5.6775 3135107.98 2027663.666 11 
5.709166667 388916.7948 426034.3003 5 
5.740833333 5340681.3 3101299.627 8 
5.7725 4535047.591 4888972.472 5 
5.804166667 12105735.75 7016562.931 9 
5.835833333 9982305.85 3760877.908 15 
5.8675 877720.4805 948029.8421 6 
5.899166667 566128.7995 427310.3648 7 
5.930833333 761072.6955 617563.9795 10 
5.9625 4440032.28 2882222.637 9 
5.994166667 18140739.59 12165052.78 5 
6.025833333 2737869.887 2046138.447 7 
6.0575 7374799.657 4370999.783 6 
6.089166667 6236542.349 3997128.384 8 
6.120833333 325920.6322 243783.0604 8 
6.1525 1766383.475 1737528.297 10 
6.184166667 2326156.94 1691920.164 5 
6.215833333 4299477.434 3948620.673 6 
6.2475 1425674.406 1076666.548 6 
6.279166667 386266.2247 431762.5235 4 
6.310833333 1008643.4 1164027.762 3 
6.3425 51325.1493 57074.02682 4 
6.374166667 3082440.179 1828780.278 8 
6.405833333 11340.86475 13095.30262 3 
6.4375 1521042.688 1055334.117 8 
6.469166667 622934.4718 518786.2362 7 
6.500833333 1267.758492 948.7189953 5 
6.5325 1403007.086 931824.0133 6 
6.564166667 3312552.778 2701179.72 7 
6.595833333 23.67506841 26.46952952 4 
6.6275 923831.306 683192.8256 6 
6.659166667 4693032.935 4835840.866 5 
6.690833333 5416620.209 4167296.422 3 
6.7225 2308.821144 2369.616435 4 
6.754166667 2115167.543 1961028.563 4 
6.785833333 0 0 0 
6.8175 4095859.151 4221836.846 5 
6.849166667 3376239.803 3641079.967 5 
6.880833333 2316398.324 2469104.252 6 
6.9125 1953922.56 1636992.606 6 
6.944166667 2928624.933 2478309.379 5 
6.975833333 2928351.766 2349926.694 4 
7.0075 435182.367 502504.888 3 
7.039166667 708501.0934 818077.444 3 
7.070833333 5882004.641 3365436.406 6 
7.1025 521206.317 418974.8613 5 
7.134166667 2506550.007 1355993.3 7 
7.165833333 8253394.317 8066997.094 5 
7.1975 1947169.594 2090929.674 6 
7.229166667 0.3885087935 0.4758241523 2 
7.260833333 633083.7442 775366.0688 2 
7.2925 17106.42962 19706.85726 3 
7.324166667 6355612.74 5029005.365 5 
7.355833333 2808.601962 2808.601962 1 
7.3875 461023.1168 461023.1168 1 
7.419166667 361566.8407 442827.1336 2 
7.450833333 12120.06278 12788.83825 5 
7.4825 1691694.098 1952469.877 3 
7.514166667 9.80495397e-09 9.80495397e-09 1 
7.545833333 401185.3324 448534.2412 4 
7.5775 1795.410757 2007.313809 4 
7.609166667 448110.5465 476539.8922 5 
7.640833333 818302.4965 850802.7362 5 
7.6725 16572.92518 20297.60487 2 
7.704166667 648103.6641 406192.1701 3 
7.735833333 0 0 0 
7.7675 3.024963518e-07 3.024963518e-07 1 
7.799166667 1947520.219 2096347.536 6 
7.830833333 0 0 0 
7.8625 0 0 0 
7.894166667 23520.19595 23222.67577 3 
7.925833333 0 0 0 
7.9575 10610237.67 11059095.8 5 
7.989166667 5243507.712 4105100.06 3 
8.020833333 3520403.842 3209912.857 4 
8.0525 0 0 0 
8.084166667 41980.17667 51412.01492 2 
8.115833333 3405684.927 3539553.171 4 
8.1475 0 0 0 
8.179166667 130308.0247 159593.5809 2 
8.210833333 1.456833947e-12 1.784249905e-12 2 
8.2425 0 0 0 
8.274166667 56715.75888 69104.49118 2 
8.305833333 5617682.997 6512976.328 2 
8.3375 1903142.301 2330839.317 2 
8.369166667 56.54847985 56.54847985 1 
8.400833333 16364.45325 16364.45325 1 
8.4325 5966225.315 4256888.592 3 
8.464166667 1.154705039 1.154705039 1 
8.495833333 11.52218927 11.52218927 1 
8.5275 0 0 0 
8.559166667 5539884.166 5803097.619 3 
8.590833333 1886363.174 2177361.795 3 
8.6225 171790.9081 171790.9081 1 
8.654166667 567441.2695 609669.1851 3 
8.685833333 718406.8189 879865.0454 2 
8.7175 1.212887071 1.212887071 1 
8.749166667 0 0 0 
8.780833333 17255.01008 21132.98509 2 
8.8125 0 0 0 
8.844166667 0 0 0 
8.875833333 0 0 0 
8.9075 0 0 0 
8.939166667 0 0 0 
8.970833333 0 0 0 
9.0025 0 0 0 
9.034166667 0 0 0 
9.065833333 0 0 0 
9.0975 0 0 0 
9.129166667 0 0 0 
9.160833333 0 0 0 
9.1925 0 0 0 
9.224166667 0 0 0 
9.255833333 0 0 0 
9.2875 0 0 0 
9.319166667 0 0 0 
9.350833333 0 0 0 
9.3825 0 0 0 
9.414166667 0 0 0 
9.445833333 0 0 0 
9.4775 0 0 0 
9.509166667 0 0 0 
9.540833333 0 0 0 
9.5725 0 0 0 
9.604166667 0 0 0 
9.635833333 0 0 0 
9.6675 0 0 0 
9.699166667 0 0 0 
9.730833333 0 0 0 
9.7625 0 0 0 
9.794166667 0 0 0 
9.825833333 0 0 0 
9.8575 0 0 0 
9.889166667 0 0 0 
9.920833333 0 0 0 
9.9525 0 0 0 
9.984166667 0 0 0 
