# Format: McCode with text headers
# URL: http://www.mccode.org
# Creator:  3.99.99, git
# Instrument: ODIN_MCPL_baseline.instr
# Ncount: 12787302
# Trace: no
# Gravitation: no
# Seed: 1000
# Directory: Filterscan/0
# Nodes: 12
# Param: l_min=1
# Param: l_max=11
# Param: n_pulses=1
# Param: wfm_delta=0.3
# Param: bp_frequency=7
# Param: WFM1_phase_offset=0
# Param: jitter_wfmc_1=0
# Param: WFM2_phase_offset=0
# Param: jitter_wfmc_2=0
# Param: fo1_phase_offset=0
# Param: jitter_fo_chopper_1=0
# Param: bp1_phase_offset=0
# Param: jitter_bp1=0
# Param: fo2_phase_offset=0
# Param: jitter_fo_chopper_2=0
# Param: bp2_phase_offset=0
# Param: jitter_bp2=0
# Param: t0_phase_offset=0
# Param: jit_t0_sec=0
# Param: fo3_phase_offset=0
# Param: jitter_fo_chopper_3=0
# Param: fo4_phase_offset=0
# Param: jitter_fo_chopper_4=0
# Param: fo5_phase_offset=0
# Param: jitter_fo_chopper_5=0
# Param: choppers=2
# Param: repeat=1
# Param: v_smear=0.1
# Param: pos_smear=0.01
# Param: dir_smear=0.01
# Param: filter=0
# Date: Sun Mar  1 17:29:20 2026 (1772382560)
# type: array_2d(90, 90)
# Source: ODIN_MCPL_baseline (ODIN_MCPL_baseline.instr)
# component: Sphere1
# position: 0 0 0
# title: 4PI PSD monitor
# Ncount: 153447624
# filename: nonrotated.dat
# statistics: X0=-89.8519; dX=2.44464; Y0=2.20963; dY=32.5383;
# signal: Min=0; Max=3.76408e+13; Mean=2.27916e+11;
# values: 1.84612e+15 1.45689e+13 1.46251e+08
# xvar: Lo
# yvar: La
# xlabel: Longitude [deg]
# ylabel: Latitude [deg]
# zvar: I
# zlabel: Signal per bin
# xylimits: -180 180 -90 90
# variables: I I_err N
# Data [Sphere1/nonrotated.dat] I:
0 0 0 0 0 0 0 0 0 0 0 0 0 0 0 0 0 0 0 0 0 0 0 0 0 0 0 0 0 0 0 0 0 0 0 0 0 0 0 0 0 0 0 0 0 0 0 0 0 0 0 0 0 0 0 0 0 0 0 0 0 0 0 0 0 0 0 0 0 0 0 0 0 0 0 0 0 0 0 0 0 0 0 0 0 0 0 0 0 0 
0 0 0 0 0 0 0 0 0 0 0 0 0 0 0 0 0 0 0 0 0 0 0 0 0 0 0 0 0 0 0 0 0 0 0 0 0 0 0 0 0 0 0 0 0 0 0 0 0 0 0 0 0 0 0 0 0 0 0 0 0 0 0 0 0 0 0 0 0 0 0 0 0 0 0 0 0 0 0 0 0 0 0 0 0 0 0 0 0 0 
0 0 0 0 0 0 0 0 0 0 0 0 0 0 0 0 0 0 0 0 0 0 0 0 0 0 0 0 0 0 0 0 0 0 0 0 0 0 0 0 0 0 0 0 0 0 0 0 0 0 0 0 0 0 0 0 0 0 0 0 0 0 0 0 0 0 0 0 0 0 0 0 0 0 0 0 0 0 0 0 0 0 0 0 0 0 0 0 0 0 
0 0 0 0 0 0 0 0 0 0 0 0 0 0 0 0 0 0 0 0 0 0 0 0 0 0 0 0 0 0 0 0 0 0 0 0 0 0 0 0 0 0 0 0 0 0 0 0 0 0 0 0 0 0 0 0 0 0 0 0 0 0 0 0 0 0 0 0 0 0 0 0 0 0 0 0 0 0 0 0 0 0 0 0 0 0 0 0 0 0 
0 0 0 0 0 0 0 0 0 0 0 0 0 0 0 0 0 0 0 0 0 0 0 0 0 0 0 0 0 0 0 0 0 0 0 0 0 0 0 0 0 0 0 0 0 0 0 0 0 0 0 0 0 0 0 0 0 0 0 0 0 0 0 0 0 0 0 0 0 0 0 0 0 0 0 0 0 0 0 0 0 0 0 0 0 0 0 0 0 0 
0 0 0 0 0 0 0 0 0 0 0 0 0 0 0 0 0 0 0 0 0 0 0 0 0 0 0 0 0 0 0 0 0 0 0 0 0 0 0 0 0 0 0 0 0 0 0 0 0 0 0 0 0 0 0 0 0 0 0 0 0 0 0 0 0 0 0 0 0 0 0 0 0 0 0 0 0 0 0 0 0 0 0 0 0 0 0 0 0 0 
0 0 0 0 0 0 0 0 0 0 0 0 0 0 0 0 0 0 0 0 0 0 0 0 0 0 0 0 0 0 0 0 0 0 0 0 0 0 0 0 0 0 0 0 0 0 0 0 0 0 0 0 0 0 0 0 0 0 0 0 0 0 0 0 0 0 0 0 0 0 0 0 0 0 0 0 0 0 0 0 0 0 0 0 0 0 0 0 0 0 
0 0 0 0 0 0 0 0 0 0 0 0 0 0 0 0 0 0 0 0 0 0 0 0 0 0 0 0 0 0 0 0 0 0 0 0 0 0 0 0 0 0 0 0 0 0 0 0 0 0 0 0 0 0 0 0 0 0 0 0 0 0 0 0 0 0 0 0 0 0 0 0 0 0 0 0 0 0 0 0 0 0 0 0 0 0 0 0 0 0 
0 0 0 0 0 0 0 0 0 0 0 0 0 0 0 0 0 0 0 0 0 0 0 0 0 0 0 0 0 0 0 0 0 0 0 0 0 0 0 0 0 0 0 0 0 0 0 0 0 0 0 0 0 0 0 0 0 0 0 0 0 0 0 0 0 0 0 0 0 0 0 0 0 0 0 0 0 0 0 0 0 0 0 0 0 0 0 0 0 0 
0 0 0 0 0 0 0 0 0 0 0 0 0 0 0 0 0 0 0 0 0 0 0 0 0 0 0 0 0 0 0 0 0 0 0 0 0 0 0 0 0 0 0 0 0 0 0 0 0 0 0 0 0 0 0 0 0 0 0 0 0 0 0 0 0 0 0 0 0 0 0 0 0 0 0 0 0 0 0 0 0 0 0 0 0 0 0 0 0 0 
0 0 0 0 0 0 0 0 0 0 0 0 0 0 0 0 0 0 0 0 0 0 0 0 0 0 1.543100202e+11 0 0 0 0 0 0 0 0 0 0 0 0 0 0 0 0 0 0 0 0 0 0 0 0 0 0 0 0 0 0 0 0 0 0 0 0 0 0 0 0 0 0 0 0 0 0 0 0 0 0 0 0 0 0 0 0 0 0 0 0 0 0 0 
0 0 0 0 0 0 0 0 0 0 0 0 0 0 0 0 0 0 0 0 0 0 0 1.516385e+11 5.753955746e+10 0 0 0 0 0 0 0 0 0 0 0 0 0 0 0 0 0 0 0 0 0 0 0 0 0 0 0 0 0 0 0 0 0 0 0 0 0 0 0 0 0 0 0 0 0 0 0 0 0 0 0 0 0 0 0 0 0 0 0 0 0 0 0 0 0 
0 0 0 0 0 0 0 0 0 0 0 0 0 0 0 0 0 0 0 0 0 0 3.10222151e+11 4.837917352e+10 0 6.923240054e+10 0 0 0 0 0 0 0 0 0 0 0 0 0 0 0 0 0 0 0 0 0 0 0 0 0 0 0 0 0 0 0 0 0 0 0 0 0 0 0 0 0 0 0 0 0 0 0 0 0 0 0 0 0 0 0 0 0 0 0 0 0 0 0 0 
0 0 0 0 0 0 0 0 0 0 0 0 0 0 0 0 0 0 0 0 0 1.458543191e+11 2.538267617e+11 0 0 0 0 0 0 0 0 0 0 0 0 0 0 0 0 0 0 0 0 0 0 0 0 0 0 0 0 0 0 0 0 0 0 0 0 0 0 0 0 0 0 0 0 0 0 0 0 0 0 0 0 0 0 0 0 0 0 0 0 0 0 0 0 0 0 0 
0 0 0 0 0 0 0 0 0 0 0 0 0 0 0 0 0 0 0 0 1.382078512e+11 1.073790775e+12 2.024652343e+12 7.133618367e+11 0 0 1.43229495e+11 0 0 0 0 0 0 0 0 0 0 0 0 0 0 0 0 0 0 0 0 0 0 0 0 0 0 0 0 0 0 0 0 0 0 0 0 0 0 0 0 0 0 0 0 0 0 0 0 0 0 0 0 0 0 0 0 0 0 0 0 0 0 0 
0 0 0 0 0 0 0 0 0 0 0 0 0 0 0 0 0 0 0 0 0 3.277432458e+12 8.94847283e+12 3.147664422e+12 0 0 1.028615069e+11 0 0 0 0 0 0 0 0 0 0 0 0 0 0 0 0 0 0 0 0 0 0 0 0 0 0 0 0 0 0 0 0 0 0 0 0 0 0 0 0 0 0 0 0 0 0 0 0 0 0 0 0 0 0 0 0 0 0 0 0 0 0 0 
0 0 0 0 0 0 0 0 0 0 0 0 0 1.001773038e+11 0 0 0 6.073223484e+10 0 0 1.526242433e+11 3.053566177e+12 1.062032255e+13 5.768659135e+12 0 2.847984395e+11 0 1.045150187e+11 0 0 0 0 0 0 0 0 0 0 0 0 0 0 0 0 0 0 0 0 0 0 0 0 0 0 0 0 0 0 0 0 0 0 0 0 0 0 0 0 0 0 0 0 0 0 0 0 0 0 0 0 0 0 0 0 0 0 0 0 0 0 
0 0 0 0 0 0 0 0 0 0 0 0 0 0 0 0 0 0 0 0 0 3.248800653e+12 1.370643412e+13 3.640657491e+12 0 0 0 0 0 0 0 0 0 0 0 0 0 0 0 0 0 0 0 0 0 0 0 0 0 0 0 0 0 0 0 0 0 0 0 0 0 0 0 0 0 0 0 0 0 0 0 0 0 0 0 0 0 0 0 0 0 0 0 0 0 0 0 0 0 0 
0 0 0 0 0 0 0 0 0 0 0 0 0 0 0 0 8.803241801e+10 0 0 0 0 3.00860318e+12 1.305476992e+13 2.623020628e+12 1.04014118e+11 0 0 1.39746073e+11 0 0 0 0 0 0 0 0 0 0 0 0 0 0 0 0 0 0 0 0 0 0 0 0 0 0 0 0 0 0 0 0 0 0 0 0 0 0 0 0 0 0 0 0 0 0 0 0 0 0 0 0 0 0 0 0 0 0 0 0 0 0 
0 0 0 0 0 0 0 0 0 0 0 0 0 0 0 0 0 0 4.925155628e+10 2.632232859e+11 0 2.169370681e+12 1.529960758e+13 3.666586366e+12 0 0 6.348162854e+10 1.42524868e+11 0 0 0 0 0 0 0 0 0 0 0 0 0 0 0 0 0 0 0 0 0 0 0 0 0 0 0 0 0 0 0 0 0 0 0 0 0 0 0 0 0 0 0 0 0 0 0 0 0 0 0 0 0 0 0 0 0 0 0 0 0 0 
0 0 0 0 0 0 0 0 0 0 0 0 0 0 0 0 0 0 0 0 2.90358819e+11 2.419329479e+12 1.509716133e+13 2.729041078e+12 7.975865722e+10 6.483659899e+10 1.523347492e+11 0 0 0 0 0 0 0 0 0 0 0 0 0 0 0 0 0 0 0 0 0 0 0 0 0 0 0 0 0 0 0 0 0 0 0 0 0 0 0 0 0 0 0 0 0 0 0 0 0 0 0 0 0 0 0 0 0 0 0 0 0 0 0 
0 0 0 0 0 0 0 0 0 0 0 0 0 0 0 0 0 0 0 0 1.487116849e+11 1.109455903e+12 1.801805141e+13 3.802535348e+12 2.66285531e+11 2.229392617e+11 0 0 0 0 0 0 0 0 0 0 0 0 0 0 0 0 0 0 0 0 0 0 0 0 0 0 0 0 0 0 0 0 0 0 0 0 0 0 0 0 0 0 0 0 0 0 0 0 0 0 0 0 0 0 0 0 0 0 0 0 0 0 0 0 
0 0 0 0 0 0 0 0 0 0 0 0 0 0 0 0 6.743217516e+10 0 0 0 6.153594947e+10 1.596404521e+12 2.034714304e+13 3.93499166e+12 4.82741164e+10 0 0 0 0 1.484291182e+11 0 0 0 0 0 0 0 0 0 0 0 0 0 0 0 0 0 0 0 0 0 0 0 0 0 0 0 0 0 0 0 0 0 0 0 0 0 0 0 0 0 0 0 0 0 0 0 0 0 0 0 0 0 0 0 0 0 0 0 0 
0 0 0 0 0 0 0 0 0 0 0 0 0 0 0 0 0 0 0 4.964812052e+10 1.435935895e+11 1.162205661e+12 2.152117972e+13 3.997163754e+12 0 1.545240769e+11 0 0 0 0 0 0 0 0 0 0 0 0 0 0 0 0 0 0 0 0 0 0 0 0 0 0 0 0 0 0 0 0 0 0 0 0 0 0 0 0 0 0 0 0 0 0 0 0 0 0 0 0 0 0 0 0 0 0 0 0 0 0 0 0 
0 0 0 0 0 0 0 0 0 0 0 0 0 0 0 0 0 0 3.413781542e+11 7.8e+10 0 4.480088532e+11 2.09546825e+13 3.172576921e+12 7.269616592e+10 0 0 0 0 0 0 0 0 0 0 0 0 0 0 0 0 0 0 0 0 0 0 0 0 0 0 0 0 0 0 0 0 0 0 0 0 0 0 0 0 0 0 0 0 0 0 0 0 0 0 0 0 0 0 0 0 0 0 0 0 0 0 0 0 0 
0 0 0 0 0 0 0 0 0 0 0 0 0 0 0 0 0 0 1.064321845e+11 1.395145075e+11 0 4.563281107e+10 2.655667591e+13 3.264201598e+12 0 0 0 0 0 0 0 0 0 0 0 0 0 0 0 0 0 0 0 0 0 0 0 0 0 0 0 0 0 0 0 0 0 0 0 0 0 0 0 0 0 0 0 0 0 0 0 0 0 0 0 0 0 0 0 0 0 0 0 0 0 0 0 0 0 0 
0 0 0 0 0 0 0 0 0 0 0 0 0 0 0 0 0 0 7.934954953e+10 1.532595745e+11 0 4.529345012e+11 2.38772281e+13 1.411222325e+12 3.792216146e+11 6.086465693e+10 0 0 0 0 0 0 0 0 0 0 0 0 0 0 0 0 0 0 0 0 0 0 0 0 0 0 0 0 0 0 0 0 0 0 0 0 0 0 0 0 0 0 0 0 0 0 0 0 0 0 0 0 0 0 0 0 0 0 0 0 0 0 0 0 
0 0 0 0 0 0 0 0 0 0 0 0 0 0 0 0 0 0 0 0 4.494380522e+10 4.986074903e+11 2.687009798e+13 1.615134044e+12 4.899322557e+10 0 0 0 0 0 0 0 0 0 0 0 0 0 0 0 0 0 0 0 0 0 0 0 0 0 0 0 0 0 0 0 0 0 0 0 0 0 0 0 0 0 0 0 0 0 0 0 0 0 0 0 0 0 0 0 0 0 0 0 0 0 0 0 0 0 
0 0 0 0 0 0 0 0 0 0 0 0 0 0 0 0 0 0 0 1.43385958e+11 1.482957709e+11 3.917201807e+11 2.7796442e+13 1.914547911e+12 0 0 0 1.431972113e+11 0 0 0 0 0 0 0 0 0 0 0 0 0 0 0 0 0 0 0 0 0 0 0 0 0 0 0 0 0 0 0 0 0 0 0 0 0 0 0 0 0 0 0 0 0 0 0 0 0 0 0 0 0 0 0 0 0 0 0 0 0 0 
0 0 0 0 0 0 0 0 0 0 0 0 0 0 0 1.382936189e+11 0 0 0 0 8.470444536e+10 4.764220319e+11 2.855087479e+13 1.067408674e+12 9.944635785e+10 2.797996509e+11 0 1.549261086e+11 0 0 0 0 0 0 0 0 0 0 0 0 0 0 0 0 0 0 0 0 0 0 0 0 0 0 0 0 0 0 0 0 0 0 0 0 0 0 0 0 0 0 0 0 0 0 0 0 0 0 0 0 0 0 0 0 0 0 0 0 0 0 
0 0 0 0 0 0 0 0 0 0 0 0 0 0 0 0 0 0 5.713325787e+10 0 3.739421654e+11 3.302049387e+11 2.700190976e+13 1.453444873e+12 1.070715744e+11 0 0 0 0 0 0 0 0 0 0 0 0 0 0 0 0 0 0 0 0 0 0 0 0 0 0 0 0 0 0 0 0 0 0 0 0 0 0 0 0 0 0 0 0 0 0 0 0 0 0 0 0 0 0 0 0 0 0 0 0 0 0 0 0 0 
0 0 0 0 0 0 0 0 0 0 0 0 0 0 0 0 0 0 6.131954026e+10 0 0 4.529175782e+11 2.987464587e+13 4.502142159e+11 3.947473061e+10 0 0 0 0 0 0 0 0 0 0 0 0 0 0 0 0 0 0 0 0 0 0 0 0 0 0 0 0 0 0 0 0 0 0 0 0 0 0 0 0 0 0 0 0 0 0 0 0 0 0 0 0 0 0 0 0 0 0 0 0 0 0 0 0 0 
0 0 0 0 0 0 0 0 0 0 0 0 0 0 0 0 0 0 0 0 1.265230558e+11 3.280377316e+11 2.849799789e+13 1.380150969e+12 2.046818712e+11 5.719461751e+10 0 0 0 0 0 0 0 0 0 0 0 0 0 0 0 0 0 0 0 0 0 0 0 0 0 0 0 0 0 0 0 0 0 0 0 0 0 0 0 0 0 0 0 0 0 0 0 0 0 0 0 0 0 0 0 0 0 0 0 0 0 0 0 0 
0 0 0 0 0 0 0 0 0 0 0 0 0 0 0 0 0 1.384462788e+11 0 0 1.774271057e+11 4.50188864e+11 2.815900442e+13 1.249708177e+12 2.901631776e+11 0 0 0 7.980380058e+10 0 0 0 0 0 0 0 0 0 0 0 0 0 0 0 0 0 0 0 0 0 0 0 0 0 0 0 0 0 0 0 0 0 0 0 0 0 0 0 0 0 0 0 0 0 0 0 0 0 0 0 0 0 0 0 0 0 0 0 0 0 
0 0 0 0 0 0 0 0 0 0 0 0 0 0 0 0 0 0 1.557647152e+11 0 1.364494915e+11 1.019576205e+12 3.04976694e+13 1.399948938e+12 1.304616866e+11 3.998422766e+11 0 0 0 0 0 0 0 0 0 0 0 0 0 0 0 0 0 0 0 0 0 0 0 0 0 0 0 0 0 0 0 0 0 0 0 0 0 0 0 0 0 0 0 0 0 0 0 0 0 0 0 0 0 0 0 0 0 0 0 0 0 0 0 0 
0 0 0 0 0 0 0 0 0 0 0 0 0 0 0 0 6.833924067e+10 0 0 1.527421088e+11 0 4.028188981e+11 2.995925072e+13 4.832864317e+11 1.676033653e+11 0 7.8e+10 0 0 0 0 0 0 0 0 0 0 0 0 0 0 0 0 0 0 0 0 0 0 0 0 0 0 0 0 0 0 0 0 0 0 0 0 0 0 0 0 0 0 0 0 0 0 0 0 0 0 0 0 0 0 0 0 0 0 0 0 0 0 0 
0 0 0 0 0 0 0 0 0 0 0 0 0 0 0 0 0 1.557514558e+11 0 6.777205682e+10 1.782019397e+11 8.112942413e+11 3.123820894e+13 6.801382256e+11 1.2307268e+11 1.404408531e+11 1.428287745e+11 1.461928804e+11 0 0 0 0 0 0 0 0 0 0 0 0 0 0 0 0 0 0 0 0 0 0 0 0 0 0 0 0 0 0 0 0 0 0 0 0 0 0 0 0 0 0 0 0 0 0 0 0 0 0 0 0 0 0 0 0 0 0 0 0 0 0 
0 0 0 0 0 0 0 0 0 0 0 0 0 0 0 0 0 0 4.15998255e+10 0 2.460591831e+11 6.858649893e+11 3.498042592e+13 5.488485789e+11 1.967434731e+11 1.158049886e+11 4.38672173e+10 0 0 0 0 0 0 0 0 0 0 0 0 0 0 0 0 0 0 0 0 0 0 0 0 0 0 0 0 0 0 0 0 0 0 0 0 0 0 0 0 0 0 0 0 0 0 0 0 0 0 0 0 0 0 0 0 0 0 0 0 0 0 0 
0 0 0 0 0 0 0 0 0 0 0 0 0 0 0 0 0 0 0 1.457086051e+11 1.461288103e+11 4.52731979e+11 3.061855947e+13 8.666234894e+11 3.276992912e+11 0 0 0 0 0 0 0 0 0 0 0 0 0 0 0 0 0 0 0 0 0 0 0 0 0 0 0 0 0 0 0 0 0 0 0 0 0 0 0 0 0 0 0 0 0 0 0 0 0 0 0 0 0 0 0 0 0 0 0 0 0 0 0 0 0 
0 0 0 0 0 0 0 0 0 0 0 0 0 0 0 0 0 0 0 1.472027528e+11 4.29403882e+10 5.092686936e+11 3.322504945e+13 7.522799231e+11 1.540429351e+11 0 0 0 0 0 0 0 0 0 0 0 0 0 0 0 0 0 0 0 0 0 0 0 0 0 0 0 0 0 0 0 0 0 0 0 0 0 0 0 0 0 0 0 0 0 0 0 0 0 0 0 0 0 0 0 0 0 0 0 0 0 0 0 0 0 
0 0 0 0 0 0 0 0 0 0 0 0 0 0 0 0 0 0 1.47654047e+11 0 1.593694199e+11 3.669223999e+11 3.461777334e+13 7.540729097e+11 1.619094851e+11 5.824125087e+10 0 0 0 0 0 0 0 0 0 0 0 0 0 0 0 0 0 0 0 0 0 0 0 0 0 0 0 0 0 0 0 0 0 0 0 0 0 0 0 0 0 0 0 0 0 0 0 0 0 0 0 0 0 0 0 0 0 0 0 0 0 0 0 0 
0 0 0 0 0 0 0 0 0 0 0 0 0 0 0 0 0 0 5.72959646e+10 0 0 1.193474871e+12 3.572537711e+13 3.051623282e+11 3.005636001e+11 0 1.312492547e+11 0 0 0 0 0 0 0 0 0 0 0 0 0 0 0 0 0 0 0 0 0 0 0 0 0 0 0 0 0 0 0 0 0 0 0 0 0 0 0 0 0 0 0 0 0 0 0 0 0 0 0 0 0 0 0 0 0 0 0 0 0 0 0 
0 0 0 0 0 0 0 0 0 0 0 0 0 0 0 0 0 0 0 0 5.83046236e+10 3.470017669e+11 3.087744731e+13 5.249597418e+11 4.964626551e+10 5.866766274e+10 0 0 0 0 0 0 0 0 0 0 0 0 0 0 0 0 0 0 0 0 0 0 0 0 0 0 0 0 0 0 0 0 0 0 0 0 0 0 0 0 0 0 0 0 0 0 0 0 0 0 0 0 0 0 0 0 0 0 0 0 0 0 0 0 
0 0 0 0 0 0 0 0 0 0 0 0 0 0 0 0 0 0 0 2.854102972e+11 0 5.418588424e+11 3.421477113e+13 3.034492049e+11 1.523836491e+11 0 0 0 0 0 0 0 0 0 0 0 0 0 0 0 0 0 0 0 0 0 0 0 0 0 0 0 0 0 0 0 0 0 0 0 0 0 0 0 0 0 0 0 0 0 0 0 0 0 0 0 0 0 0 0 0 0 0 0 0 0 0 0 0 0 
0 0 0 0 0 0 0 0 0 0 0 0 0 0 0 0 0 1.028761518e+11 0 0 0 2.62982729e+11 3.529933175e+13 7.151245526e+11 0 0 0 0 0 0 0 0 0 0 0 0 0 0 0 0 0 0 0 0 0 0 0 0 0 0 0 0 0 0 0 0 0 0 0 0 0 0 0 0 0 0 0 0 0 0 0 0 0 0 0 0 0 0 0 0 0 0 0 0 0 0 0 0 0 0 
0 0 0 0 0 0 0 0 0 0 0 0 0 0 1.187885978e+11 0 0 0 0 0 4.831810677e+10 5.931533568e+11 3.764083728e+13 1.332665425e+12 3.109900067e+11 3.914021409e+10 0 0 0 0 0 0 0 0 0 0 0 0 0 0 0 0 0 0 0 0 0 0 0 0 0 0 0 0 0 0 0 0 0 0 0 0 0 0 0 0 0 0 0 0 0 0 0 0 0 0 0 0 0 0 0 0 0 0 0 0 0 0 0 0 
0 0 0 0 0 0 0 0 0 0 0 0 0 0 0 0 4.161402869e+10 0 0 0 1.303253499e+11 5.065664563e+11 3.668093661e+13 8.641043315e+11 1.262817829e+11 0 0 8.674122477e+10 0 0 0 0 0 0 0 0 0 0 0 0 0 0 0 0 0 0 0 0 0 0 0 0 0 0 0 0 0 0 0 0 0 0 0 0 0 0 0 0 0 0 0 0 0 0 0 0 0 0 0 0 0 0 0 0 0 0 0 0 0 0 
0 0 0 0 0 0 0 0 0 0 0 0 0 0 0 0 0 1.117554474e+11 0 0 1.513031373e+11 4.858000942e+11 3.371837384e+13 1.039764481e+12 0 6.09924624e+10 0 0 0 0 0 0 0 0 0 0 0 0 0 0 0 0 0 0 0 0 0 0 0 0 0 0 0 0 0 0 0 0 0 0 0 0 0 0 0 0 0 0 0 0 0 0 0 0 0 0 0 0 0 0 0 0 0 0 0 0 0 0 0 0 
0 0 0 0 0 0 0 0 0 0 0 0 0 0 0 0 0 0 0 0 2.57101985e+11 4.388896329e+11 3.228389857e+13 8.394438171e+11 4.134880328e+10 6.457540905e+10 0 0 0 0 0 0 0 0 0 0 0 0 0 0 0 0 0 0 0 0 0 0 0 0 0 0 0 0 0 0 0 0 0 0 0 0 0 0 0 0 0 0 0 0 0 0 0 0 0 0 0 0 0 0 0 0 0 0 0 0 0 0 0 0 
0 0 0 0 0 0 0 0 0 0 0 0 0 0 0 0 0 0 0 0 1.342543709e+11 3.883696504e+11 3.196201927e+13 7.797458303e+11 3.674802203e+11 1.555999303e+11 0 0 0 0 0 0 0 0 0 0 0 0 0 0 0 0 0 0 0 0 0 0 0 0 0 0 0 0 0 0 0 0 0 0 0 0 0 0 0 0 0 0 0 0 0 0 0 0 0 0 0 0 0 0 0 0 0 0 0 0 0 0 0 0 
0 0 0 0 0 0 0 0 0 0 0 0 0 0 0 0 0 0 0 0 3.034542818e+11 1.055247638e+12 3.40337169e+13 2.856114525e+11 2.885036266e+11 0 0 0 0 0 0 0 0 0 0 0 0 0 0 0 0 0 0 0 0 0 0 0 0 0 0 0 0 0 0 0 0 0 0 0 0 0 0 0 0 0 0 0 0 0 0 0 0 0 0 0 0 0 0 0 0 0 0 0 0 0 0 0 0 0 
0 0 0 0 0 0 0 0 0 0 0 0 0 0 0 0 0 0 1.479463956e+11 1.424865124e+11 1.565620372e+11 4.878196857e+11 3.155926864e+13 9.437229792e+11 5.239173067e+11 7.614395678e+10 0 0 0 0 0 0 0 0 0 0 0 0 0 0 0 0 0 0 0 0 0 0 0 0 0 0 0 0 0 0 0 0 0 0 0 0 0 0 0 0 0 0 0 0 0 0 0 0 0 0 0 0 0 0 0 0 0 0 0 0 0 0 0 0 
0 0 0 0 0 0 0 0 0 0 0 0 0 0 0 0 0 0 0 0 3.85158911e+11 7.51789032e+11 3.274532762e+13 7.785302929e+11 4.498675046e+11 0 0 0 0 0 0 0 0 0 0 0 0 0 0 0 0 0 0 0 0 0 0 0 0 0 0 0 0 0 0 0 0 0 0 0 0 0 0 0 0 0 0 0 0 0 0 0 0 0 0 0 0 0 0 0 0 0 0 0 0 0 0 0 0 0 
0 0 0 0 0 0 0 0 0 0 0 0 0 0 0 0 0 0 1.204297242e+11 0 1.320286217e+11 6.287532245e+11 3.6255351e+13 5.846126876e+11 2.839882858e+11 1.263564577e+11 0 0 0 0 0 0 0 0 0 0 0 0 0 0 0 0 0 0 0 0 0 0 0 0 0 0 0 0 0 0 0 0 0 0 0 0 0 0 0 0 0 0 0 0 0 0 0 0 0 0 0 0 0 0 0 0 0 0 0 0 0 0 0 0 
0 0 0 0 0 0 0 0 0 0 0 0 0 0 0 0 0 0 1.465406842e+11 0 2.794442643e+11 6.923558568e+11 3.450482291e+13 8.449710202e+11 2.298478982e+11 0 1.332456887e+11 1.369088287e+11 0 0 0 0 0 0 0 0 0 0 0 0 0 0 0 0 0 0 0 0 0 0 0 0 0 0 0 0 0 0 0 0 0 0 0 0 0 0 0 0 0 0 0 0 0 0 0 0 0 0 0 0 0 0 0 0 0 0 0 0 0 0 
0 0 0 0 0 0 0 0 0 0 0 0 0 0 0 0 0 0 0 0 4.815777577e+10 7.084589789e+11 3.133699015e+13 1.181167404e+12 1.415652344e+11 2.152130513e+11 0 0 0 0 0 0 0 0 0 0 0 0 0 0 0 0 0 0 0 0 0 0 0 0 0 0 0 0 0 0 0 0 0 0 0 0 0 0 0 0 0 0 0 0 0 0 0 0 0 0 0 0 0 0 0 0 0 0 0 0 0 0 0 0 
0 0 0 0 0 0 0 0 0 0 0 0 0 0 0 0 0 0 34.44722766 1.022891859e+11 580.224748 1.242057792e+12 3.118887818e+13 3.516701585e+11 5.056574428e+10 118060.1146 7.695030294e+10 0 0 0 0 0 0 0 0 0 0 0 0 0 0 0 0 0 0 0 0 0 0 0 0 0 0 0 0 0 0 0 0 0 0 0 0 0 0 0 0 0 0 0 0 0 0 0 0 0 0 0 0 0 0 0 0 0 0 0 0 0 0 0 
0 0 0 0 0 0 0 0 0 0 0 0 0 0 0 0 1.415107804e-21 364.0609432 229723.8667 4097.27217 1.359930386e+11 6.091541515e+11 2.927479637e+13 1.067834516e+12 5761352.094 1.471752205e+11 1.509560492e+11 1.729725757e-08 1.038961222e+11 0 0 0 0 0 0 0 0 0 0 0 0 0 0 0 0 0 0 0 0 0 0 0 0 0 0 0 0 0 0 0 0 0 0 0 0 0 0 0 0 0 0 0 0 0 0 0 0 0 0 0 0 0 0 0 0 0 0 0 0 0 
0 0 0 0 0 0 0 0 0 0 0 0 0 0 0 0.001654633941 890194.603 162375449.8 800310.5108 48398871.58 1.25370943e+11 6.126292063e+11 2.881635201e+13 3.60112469e+12 2.66200526e+11 1.361458207e+11 1.165109206e+11 14841.53935 3058.691317 0.004690665866 0 0 0 0 0 0 0 0 0 0 0 0 0 0 0 0 0 0 0 0 0 0 0 0 0 0 0 0 0 0 0 0 0 0 0 0 0 0 0 0 0 0 0 0 0 0 0 0 0 0 0 0 0 0 0 0 0 0 0 0 
0 0 0 0 0 0 0 0 0 0 0 0 0 0 1.772133533e-07 47.10616367 7027195.203 3.243551953e+10 12722490.21 2.965890102e+11 4.228257521e+11 4.687318279e+11 3.18459521e+13 2.069935813e+12 4.969382846e+10 2.976362123e+11 289684989.6 50094.17414 49605714.43 1.529039276e+11 6.397501363e-08 0 0 0 0 0 0 0 0 0 0 0 0 0 0 0 0 0 0 0 0 0 0 0 0 0 0 0 0 0 0 0 0 0 0 0 0 0 0 0 0 0 0 0 0 0 0 0 0 0 0 0 0 0 0 0 0 0 0 0 
0 0 0 0 0 0 0 0 0 0 0 0 0 1.596878895e-21 690977.0774 235037.9752 9809096.394 33153923.71 2.274588235e+11 125049866.2 3.993474824e+11 3.859384336e+11 3.112215179e+13 2.155758168e+12 3.045070637e+11 3.815401963e+11 10118346.85 15282536.11 4680165.143 238742343.7 158540.2937 5.188293821e-07 0 0 0 0 0 0 0 0 0 0 0 0 0 0 0 0 0 0 0 0 0 0 0 0 0 0 0 0 0 0 0 0 0 0 0 0 0 0 0 0 0 0 0 0 0 0 0 0 0 0 0 0 0 0 0 0 0 0 
0 0 0 0 0 0 0 0 0 0 0 0 0 11966.54846 861437.7638 17204581.92 28550389.69 396704479.6 108736781.6 2.082585591e+11 3.854625612e+11 1.094810014e+12 2.707174676e+13 1.434582256e+12 2.915244811e+11 1.949874421e+11 26241539.87 47742992.17 40073946.62 12083000.05 7677.025962 0.9044448993 0 0 0 0 0 0 0 0 0 0 0 0 0 0 0 0 0 0 0 0 0 0 0 0 0 0 0 0 0 0 0 0 0 0 0 0 0 0 0 0 0 0 0 0 0 0 0 0 0 0 0 0 0 0 0 0 0 0 
0 0 0 0 0 0 0 0 0 0 0 0 0.0127031147 2746435.647 51063366.22 585077580.8 118027410 1575642657 3012011761 60808273.58 1.279507436e+11 6.625971933e+11 2.725548812e+13 2.343595203e+12 5326025836 4449032947 1.301037722e+11 169350482.1 1.481342606e+11 389880.3598 115988.5049 0.3606618451 4.756569908e-12 0 0 0 0 0 0 0 0 0 0 0 0 0 0 0 0 0 0 0 0 0 0 0 0 0 0 0 0 0 0 0 0 0 0 0 0 0 0 0 0 0 0 0 0 0 0 0 0 0 0 0 0 0 0 0 0 0 
0 0 0 0 0 0 0 0 0 0 0 0 596108.5751 12779044.99 73841865.32 65836632.46 71969366.64 2.502181535e+10 2.235327048e+11 2162706462 2.847856133e+11 1.336881586e+12 2.74767074e+13 3.029900687e+12 3.107215812e+11 1.039957236e+10 1.577828181e+11 1.814883057e+10 225164210.2 1.512168229e+11 12858782.73 7808472.409 265734.4848 0 0 0 0 0 0 0 0 0 0 0 0 0 0 0 0 0 0 0 0 0 0 0 0 0 0 0 0 0 0 0 0 0 0 0 0 0 0 0 0 0 0 0 0 0 0 0 0 0 0 0 0 0 0 0 0 0 
0 0 0 0 0 0 0 0 0 0 0 0.0156873753 898402.4035 4918364.108 3684735.247 38219688.98 131184283.9 240722810.7 1.25043973e+11 2.34678892e+11 4.484416436e+11 8.242915938e+11 2.846597778e+13 3.2333154e+12 9.907038043e+10 3256547277 1.10458419e+10 1.497110923e+11 304021031.1 7921522.495 33006788.17 8805517.964 13484039.07 19540.60604 0 0 0 0 0 0 0 0 0 0 0 0 0 0 0 0 0 0 0 0 0 0 0 0 0 0 0 0 0 0 0 0 0 0 0 0 0 0 0 0 0 0 0 0 0 0 0 0 0 0 0 0 0 0 0 0 
0 0 0 0 0 0 0 0 0 0 0 20397.89334 160013098 79963046.92 91871767.33 48267388.02 512031255.9 1.415368473e+11 571001586 430843982.1 3.561723371e+11 7.476207617e+11 2.329428734e+13 3.178838563e+12 2.540789491e+11 9.468177966e+10 615760133.6 158608194.8 1.711395808e+11 45012687.71 94998286.78 7559137.157 18733549.86 468422.9673 3.205689028e-26 0 0 0 0 0 0 0 0 0 0 0 0 0 0 0 0 0 0 0 0 0 0 0 0 0 0 0 0 0 0 0 0 0 0 0 0 0 0 0 0 0 0 0 0 0 0 0 0 0 0 0 0 0 0 0 
0 0 0 0 0 0 0 0 0 0 13670.73693 11860665.16 8087692.812 20107997.7 181577339.1 7.03605327e+10 117137927 405381133.5 8859072319 5.25659873e+10 1.713690533e+11 9.137323884e+11 2.531968633e+13 3.416599846e+12 8683810178 1.514760833e+11 1190249910 408976609.9 856441743.8 515930955.6 74577379.74 12267800.49 1065570.522 391567.7271 0.002410628547 0 0 0 0 0 0 0 0 0 0 0 0 0 0 0 0 0 0 0 0 0 0 0 0 0 0 0 0 0 0 0 0 0 0 0 0 0 0 0 0 0 0 0 0 0 0 0 0 0 0 0 0 0 0 0 
0 0 0 0 0 0 0 0 0 7.729921196e-27 20668.93843 4356722.197 12452849.06 22791276.75 67302017.64 84555179.41 1.501273099e+11 203652901.6 1.135073763e+10 1.161375034e+10 9.575109223e+10 1.188745117e+12 2.308793556e+13 3.389531985e+12 1.508177757e+11 2.074213999e+10 3714206355 1.551143326e+10 1.799379316e+11 209115501.8 269372107.7 304656996.5 11505123.49 43550960.1 380333.2609 0.0008200611922 0 0 0 0 0 0 0 0 0 0 0 0 0 0 0 0 0 0 0 0 0 0 0 0 0 0 0 0 0 0 0 0 0 0 0 0 0 0 0 0 0 0 0 0 0 0 0 0 0 0 0 0 0 0 
0 0 0 0 0 0 0 0 0 1.025883949 7509147.347 659961821.6 83953084.4 157658263.7 538802508.1 1.481375517e+11 863852418.6 1207537626 1.072376794e+11 1.008350307e+11 5.143216081e+11 1.896285003e+12 1.864426817e+13 4.754262812e+12 2.666801365e+11 1.332831283e+11 6387794269 437971753.4 7.46435208e+10 223696359.7 141947349.7 1.439025494e+11 7249613.05 959353166.5 1239668.036 0.8897611048 0 0 0 0 0 0 0 0 0 0 0 0 0 0 0 0 0 0 0 0 0 0 0 0 0 0 0 0 0 0 0 0 0 0 0 0 0 0 0 0 0 0 0 0 0 0 0 0 0 0 0 0 0 0 
0 0 0 0 0 0 0 0 8.884535015e-12 70560025.5 2592766.553 12150525.82 118024147 200970048.5 108886337.5 1914743439 1.360556833e+11 700661416.1 1.369389395e+10 6.960903363e+10 1.962615712e+11 2.085648753e+12 1.841265341e+13 3.226725554e+12 2.304509883e+11 9.131450298e+10 1942337490 3.291428495e+10 1.545590499e+11 395063276.9 266102383.9 563652966.6 66612313.43 7544252.146 241971.4311 84413.46461 0.01222940645 0 0 0 0 0 0 0 0 0 0 0 0 0 0 0 0 0 0 0 0 0 0 0 0 0 0 0 0 0 0 0 0 0 0 0 0 0 0 0 0 0 0 0 0 0 0 0 0 0 0 0 0 0 
0 0 0 0 0 0 0 0 0.001338896701 316802.7501 22407669.37 1985474.594 293224645.7 65102825.25 2518474908 1.435362354e+11 3523504891 1.418114023e+10 3161317715 1.752275524e+11 1.214348071e+11 3.265609708e+12 1.674186164e+13 4.822749356e+12 6.930152621e+11 1.981124647e+11 2.995138983e+11 1226292389 635650832.5 1266921615 241766140.4 197086630.5 107548691.6 138165855.1 87829510.2 55227770.62 32.30444424 0 0 0 0 0 0 0 0 0 0 0 0 0 0 0 0 0 0 0 0 0 0 0 0 0 0 0 0 0 0 0 0 0 0 0 0 0 0 0 0 0 0 0 0 0 0 0 0 0 0 0 0 0 
0 0 0 0 0 0 0 1.590092298e-05 201983.5968 16166.68633 48924063.76 14573635.4 1453804680 80280575.82 205828018.2 363303752.4 1.124673176e+10 1116765808 1.237826326e+11 1.088674366e+10 3.683900583e+11 2.558823425e+12 1.557478267e+13 4.981213056e+12 2.963948927e+11 2.010641045e+11 1.702270195e+10 7728495271 6985365973 5.961879664e+10 355173134.6 452701845.7 355696047 96402109.92 372056887 13513.42812 9590378.634 2.512336011e-23 0 0 0 0 0 0 0 0 0 0 0 0 0 0 0 0 0 0 0 0 0 0 0 0 0 0 0 0 0 0 0 0 0 0 0 0 0 0 0 0 0 0 0 0 0 0 0 0 0 0 0 0 
0 0 0 0 0 0 0 1331.622483 17010514.52 5942505.712 244510987.9 26857731.81 24395683.17 3898952742 95895364.44 666707314.1 468213710.5 8.310638843e+10 1.560593771e+11 2.581137068e+10 2.624367968e+11 2.97626723e+12 1.476331326e+13 4.382222752e+12 1.754834925e+11 5.293132284e+10 7811369557 1491963691 6556663012 3769342311 1072128712 460754972.1 11294399.25 151668952.7 34939606.39 46310672.88 7123976.856 9.119963435 0 0 0 0 0 0 0 0 0 0 0 0 0 0 0 0 0 0 0 0 0 0 0 0 0 0 0 0 0 0 0 0 0 0 0 0 0 0 0 0 0 0 0 0 0 0 0 0 0 0 0 0 
0 0 0 0 0 0 1.542467272e-14 204348.739 1625848.599 23350617.17 3582333.273 84915420.67 118382262.7 57352526.79 1004915670 1.166820096e+10 4335489598 2.631392085e+11 1.251784507e+10 5.576811169e+10 2.357043646e+11 2.824942349e+12 1.318482406e+13 4.245797997e+12 4.121499879e+11 1.769235792e+11 4195491251 4983410857 3280258954 6.633425458e+10 4486598019 332567738.2 250292243.8 86857965.58 60546478.94 14168338.77 35716515.66 5.671742511 5.941289722e-06 0 0 0 0 0 0 0 0 0 0 0 0 0 0 0 0 0 0 0 0 0 0 0 0 0 0 0 0 0 0 0 0 0 0 0 0 0 0 0 0 0 0 0 0 0 0 0 0 0 0 0 
0 0 0 0 0 0 2.371049143 1845978.937 2220891.128 4485172.658 103790410.7 4420687495 40998381.88 125335957.9 490877971 2230843960 7.688242642e+10 1.573980436e+10 1.514393292e+10 5.03935955e+10 3.270364874e+11 3.236252128e+12 1.177349273e+13 4.810690354e+12 1.552644623e+11 2.394643126e+10 2.859255012e+10 4039298677 5556631875 2451478209 869602732.5 211232687.3 519811670.5 122802932.8 162860985.9 187353.0747 6770345.745 26929498.61 1.412770634e-10 0 0 0 0 0 0 0 0 0 0 0 0 0 0 0 0 0 0 0 0 0 0 0 0 0 0 0 0 0 0 0 0 0 0 0 0 0 0 0 0 0 0 0 0 0 0 0 0 0 0 0 
0 0 0 0 0 0 902949.4432 374999.1452 23498752.01 15779723.4 227630010.3 111239871.3 194583355.7 3983060900 172983511 2047928463 1.177496533e+11 2.601056728e+11 1.929909878e+10 1.964583605e+11 2.071735684e+11 2.221825355e+12 1.052755386e+13 4.882677989e+12 5.143038341e+11 3.506233399e+10 4152262986 8757644485 5442864287 1302190244 6275979255 2423340592 49342734.45 42181129.47 984637867.9 24650287.41 12858959.19 1152.425997 2833.879769 0 0 0 0 0 0 0 0 0 0 0 0 0 0 0 0 0 0 0 0 0 0 0 0 0 0 0 0 0 0 0 0 0 0 0 0 0 0 0 0 0 0 0 0 0 0 0 0 0 0 0 
0 0 0 0 0 0.0002790542419 3783.429219 339094.517 110993.0187 29291016.88 103914708.1 63612275.61 73508247.53 159452836.4 485950628.6 437595196.4 946116675.6 6842445811 1.065521612e+10 6653744887 1.189486357e+11 9.498731464e+11 2.575668153e+12 4.919423026e+11 1.822290468e+11 1.569110867e+10 8577556902 6961922615 8014205346 5.395492891e+10 7191436104 1413427226 272133479.9 219233727.7 103248890.2 14550008.96 9541211.879 20981.43685 854422.8157 4.218259954e-14 0 0 0 0 0 0 0 0 0 0 0 0 0 0 0 0 0 0 0 0 0 0 0 0 0 0 0 0 0 0 0 0 0 0 0 0 0 0 0 0 0 0 0 0 0 0 0 0 0 0 
0 0 0 0 0 7.721420006 6002.863747 16214301.81 611137.236 316445758.3 285643916.7 40211515.37 54621422.68 52897637.13 1998905057 188803420.5 3.236517733e+10 1.264702131e+10 3855922645 9239754982 2.141631851e+10 4.659531026e+10 2.417779252e+11 1.05012696e+11 1.424503918e+11 1.182114421e+10 1.582678349e+10 2.38956288e+10 2.303852893e+10 1800408248 3068309582 885037999.1 604962798 73745086.98 13853863.65 136564101.8 540917.7495 8358181.001 41.32709505 1.128818251 0 0 0 0 0 0 0 0 0 0 0 0 0 0 0 0 0 0 0 0 0 0 0 0 0 0 0 0 0 0 0 0 0 0 0 0 0 0 0 0 0 0 0 0 0 0 0 0 0 0 
0 0 0 0 0.2512177263 12998190.04 15622542.75 12626660.11 8434139.891 88727223.01 884243777.8 3213203.465 548523546.8 491419532.5 96713015.79 4660756897 7.842791333e+10 647457495.1 2904181554 5552437272 1.06779512e+10 2.98629066e+11 2.621301079e+10 2.635041733e+10 1.008232835e+11 7184496318 8.437026522e+10 1582790935 728902189.6 2762610972 135202178.2 384620787.2 2187858384 6331625927 161741.3991 2472379.725 10234955.97 5897492.22 126520.388 49755.49673 23.40118616 0 0 0 0 0 0 0 0 0 0 0 0 0 0 0 0 0 0 0 0 0 0 0 0 0 0 0 0 0 0 0 0 0 0 0 0 0 0 0 0 0 0 0 0 0 0 0 0 0 
0 0 0 0 1219.642617 12167.00824 170673.5755 6438632.528 922937.9003 2465190.872 5268783.227 135691600.4 1.007704216e+10 509117990.4 8.031519272e+10 8283498264 3.179268035e+10 2021604023 1337108242 1.186319301e+10 4353250831 1.59466699e+11 8.701779338e+10 8695609941 2.321928072e+10 1947266451 3951280111 1.007267892e+11 1.157745852e+10 472557024.8 93618584.39 2363200817 425787307.5 151796656.5 159424518.8 46094.39021 71814607.55 126797.9812 927421641.7 190909.711 11.78236483 0 0 0 0 0 0 0 0 0 0 0 0 0 0 0 0 0 0 0 0 0 0 0 0 0 0 0 0 0 0 0 0 0 0 0 0 0 0 0 0 0 0 0 0 0 0 0 0 0 
0 0 0 0 54562.27229 16.43522347 11768.57405 7087156.329 435642.3939 457573199.5 8672167.76 7769678826 31749895.07 3757559.301 46677167.84 361912309.7 47506345.5 1.264333522e+10 1.26028036e+10 4120646321 8033314329 6.506388328e+10 1.393189926e+11 1864430395 4793784149 2297033521 1.423046323e+11 992341710.1 93570669.16 641000690.7 82315088.11 484170790.4 100598821.1 368151081.6 47711140.69 639174081.8 47883412.68 919932.6871 376455.7184 3683550.649 0.0002113393994 0 0 0 0 0 0 0 0 0 0 0 0 0 0 0 0 0 0 0 0 0 0 0 0 0 0 0 0 0 0 0 0 0 0 0 0 0 0 0 0 0 0 0 0 0 0 0 0 0 
0 0 0 0 0.02866039082 156621.5956 7494773.32 1555065.326 5492466.133 236226316.2 34428866.63 88218173.48 26790238.2 9938749.204 39699287.29 1212818736 324613478.2 209525337.8 245755733.4 5492683239 8.011138342e+10 6368380139 1337924956 760076584.2 1959243151 1142210928 1836286528 446303101.9 608847071.5 3674786758 671952530.6 82913441.26 452308808 828491197.6 3416605.279 76935.74761 10772393.52 9073.487364 679129.4104 9184.491065 0.0006163601615 1.01177225e-18 0 0 0 0 0 0 0 0 0 0 0 0 0 0 0 0 0 0 0 0 0 0 0 0 0 0 0 0 0 0 0 0 0 0 0 0 0 0 0 0 0 0 0 0 0 0 0 0 
0 0 0 106.2068052 0.1660412412 3091159.013 163350.0552 41408.14915 248120.2999 243531.124 26252903.31 871807.0207 4291401.822 37985010.17 594130212.2 318786390.2 18119929.38 916975025.2 233419723.3 2210721622 1110342946 4531734745 2607735102 616894866.3 226625120 181324230.7 821611709.5 112224420.4 1280305739 853987350.3 441239625.8 1876631.25 31515097.43 5886825.088 117677035.5 2098758.374 48322136.71 23489335.96 18076105.64 188563.8984 107535023 8.935213527e-06 0 0 0 0 0 0 0 0 0 0 0 0 0 0 0 0 0 0 0 0 0 0 0 0 0 0 0 0 0 0 0 0 0 0 0 0 0 0 0 0 0 0 0 0 0 0 0 0 
0 0 0 4.934847716e-05 6.204980031 291418.9933 338305923.7 965.0774212 1430.790015 15929787.5 1349601.971 3202454.342 26957952.4 133285780.6 95582953.01 60554096.21 24882187.53 1336851633 5565250.199 743198430.9 382544709.1 1011263372 57341526.35 392289562.1 1944348095 170596934.1 52047995.66 1259487177 1334987808 219834572.5 18537543.57 43295132.37 812239.0475 10111787.29 137.4295207 67359.80989 12717.20066 310174.4009 14249.38065 4604259.167 2.167955256 5.287150653e-11 0 0 0 0 0 0 0 0 0 0 0 0 0 0 0 0 0 0 0 0 0 0 0 0 0 0 0 0 0 0 0 0 0 0 0 0 0 0 0 0 0 0 0 0 0 0 0 0 
0 0 0 65.29255374 649520.7349 1.14413192 405.6902218 15609700.97 9069.197018 3605209.85 11931.30413 3849456.17 2477552.378 12117640.04 986925334.7 6828166300 18136393.16 230310795.4 5453391.871 590403022.8 802828863.8 991500.242 105865669.1 1038902094 664012335.4 324196.7563 1409420911 98550533.32 171584.6251 72923699.03 2699290.542 64386092.22 72915.60707 215339.4779 342.3485432 1506199806 4101.50383 11041910.66 907.6233334 3161.771422 0.02764532854 1.959231222e-22 4.594295311e-06 0 0 0 0 0 0 0 0 0 0 0 0 0 0 0 0 0 0 0 0 0 0 0 0 0 0 0 0 0 0 0 0 0 0 0 0 0 0 0 0 0 0 0 0 0 0 0 
0 0 0 3.937304393e-05 6732.106959 9.818326934 206.6404536 1578.215053 5945786.473 16356.57058 1237053.488 336220.7209 143008.5943 44080.96436 158709.5894 33241.20395 1941.431084 690988.3096 2683103.325 16309.611 15401088.44 20877555.99 26297556.99 100988.0886 65.62586159 3327.009045 162457.8405 1714968.155 9632.805587 38548724.83 6980164917 2128672.437 43.76781055 0.02582566711 1718476.439 35452794.84 9.278365788 2479594.941 663.2819475 0.003345610291 0.002418042796 0 0 1.969377867e-06 0 0 0 0 0 0 0 0 0 0 0 0 0 0 0 0 0 0 0 0 0 0 0 0 0 0 0 0 0 0 0 0 0 0 0 0 0 0 0 0 0 0 0 0 0 0 
0 0 0 8.737402164e-06 0.001554667485 0.2042822275 0.2689596802 1.787923968 2207.243129 28218.65457 41.26184087 71.2743452 54006.5393 1101484.819 2791223.703 4760296.179 479127419.5 6656.54845 121484.3704 20816.77261 0.8442963347 492094.1695 687881.9869 10763452.73 54.98911819 617282.294 1350456.342 2.990586411 151.7788459 22659812.42 24.3345599 6021.738475 1712548.621 61283.83593 0.3950472015 10829462.97 0.003065834668 7179887.136 0.05414726781 0.006591459861 5.418816949e-15 2.445186144e-08 0 0 0 0 0 0 0 0 0 0 0 0 0 0 0 0 0 0 0 0 0 0 0 0 0 0 0 0 0 0 0 0 0 0 0 0 0 0 0 0 0 0 0 0 0 0 0 0 
0 0 0 0 0 6.814368434e-07 6856488.864 61.03832771 6.249456958 0.00440213005 410629.2293 205782.577 102.0975325 780859.2206 224589.4329 37.03101149 70.03980752 7.003595194 0.04045353409 323.103847 5165.242597 0.2506540466 5191.629573 0.1608494074 92.44047616 101544.8686 8.695812715 0.02617372207 0.5688435514 2353.560535 6408.281265 0.09615221584 6.522401196 0.000126414164 0.002102740655 4.142864881e-13 1188.850781 2.194996976e-08 656.0963719 8.210426346e-06 7.537970629e-07 0 0 0 0 0 0 0 0 0 0 0 0 0 0 0 0 0 0 0 0 0 0 0 0 0 0 0 0 0 0 0 0 0 0 0 0 0 0 0 0 0 0 0 0 0 0 0 0 0 
0 0 0 0 0 0 0 2.359270821 0.0001948895134 1480.929363 0.0001092989101 0 126.4792076 2825.593498 3.939281046e-17 24.08606548 7.077617333e-09 70.19417939 4.584160522e-11 55.52787641 341.2840022 2.561434474e-09 2121346.864 70.72141306 0.0003979548472 2.052979406e-13 5.17429711e-05 1.90261975e-08 157.4286968 0.04418868131 0.0003581324069 0.645329545 6.259261772e-11 3.111672213e-06 6.846181464e-11 3.317086263e-24 0 1.479410256e-06 8.846414272e-06 0 4.715267747e-13 0 0 0 0 0 0 0 0 0 0 0 0 0 0 0 0 0 0 0 0 0 0 0 0 0 0 0 0 0 0 0 0 0 0 0 0 0 0 0 0 0 0 0 0 0 0 0 0 0 
0 0 0 0 0 0 0 0 0 0.1354394604 7.241745049e-11 0 0 1.601530275e-26 0 0 0 0 1.194515602e-25 0 0.001334744073 1.092869091e-12 4.229537204e-27 0 0 4.415465435e-07 0 1.925725382e-06 0 0 0 0 0 0 0 0 0 0 0 0 0 0 0 0 0 0 0 0 0 0 0 0 0 0 0 0 0 0 0 0 0 0 0 0 0 0 0 0 0 0 0 0 0 0 0 0 0 0 0 0 0 0 0 0 0 0 0 0 0 0 
# Errors [Sphere1/nonrotated.dat] I_err:
0 0 0 0 0 0 0 0 0 0 0 0 0 0 0 0 0 0 0 0 0 0 0 0 0 0 0 0 0 0 0 0 0 0 0 0 0 0 0 0 0 0 0 0 0 0 0 0 0 0 0 0 0 0 0 0 0 0 0 0 0 0 0 0 0 0 0 0 0 0 0 0 0 0 0 0 0 0 0 0 0 0 0 0 0 0 0 0 0 0 
0 0 0 0 0 0 0 0 0 0 0 0 0 0 0 0 0 0 0 0 0 0 0 0 0 0 0 0 0 0 0 0 0 0 0 0 0 0 0 0 0 0 0 0 0 0 0 0 0 0 0 0 0 0 0 0 0 0 0 0 0 0 0 0 0 0 0 0 0 0 0 0 0 0 0 0 0 0 0 0 0 0 0 0 0 0 0 0 0 0 
0 0 0 0 0 0 0 0 0 0 0 0 0 0 0 0 0 0 0 0 0 0 0 0 0 0 0 0 0 0 0 0 0 0 0 0 0 0 0 0 0 0 0 0 0 0 0 0 0 0 0 0 0 0 0 0 0 0 0 0 0 0 0 0 0 0 0 0 0 0 0 0 0 0 0 0 0 0 0 0 0 0 0 0 0 0 0 0 0 0 
0 0 0 0 0 0 0 0 0 0 0 0 0 0 0 0 0 0 0 0 0 0 0 0 0 0 0 0 0 0 0 0 0 0 0 0 0 0 0 0 0 0 0 0 0 0 0 0 0 0 0 0 0 0 0 0 0 0 0 0 0 0 0 0 0 0 0 0 0 0 0 0 0 0 0 0 0 0 0 0 0 0 0 0 0 0 0 0 0 0 
0 0 0 0 0 0 0 0 0 0 0 0 0 0 0 0 0 0 0 0 0 0 0 0 0 0 0 0 0 0 0 0 0 0 0 0 0 0 0 0 0 0 0 0 0 0 0 0 0 0 0 0 0 0 0 0 0 0 0 0 0 0 0 0 0 0 0 0 0 0 0 0 0 0 0 0 0 0 0 0 0 0 0 0 0 0 0 0 0 0 
0 0 0 0 0 0 0 0 0 0 0 0 0 0 0 0 0 0 0 0 0 0 0 0 0 0 0 0 0 0 0 0 0 0 0 0 0 0 0 0 0 0 0 0 0 0 0 0 0 0 0 0 0 0 0 0 0 0 0 0 0 0 0 0 0 0 0 0 0 0 0 0 0 0 0 0 0 0 0 0 0 0 0 0 0 0 0 0 0 0 
0 0 0 0 0 0 0 0 0 0 0 0 0 0 0 0 0 0 0 0 0 0 0 0 0 0 0 0 0 0 0 0 0 0 0 0 0 0 0 0 0 0 0 0 0 0 0 0 0 0 0 0 0 0 0 0 0 0 0 0 0 0 0 0 0 0 0 0 0 0 0 0 0 0 0 0 0 0 0 0 0 0 0 0 0 0 0 0 0 0 
0 0 0 0 0 0 0 0 0 0 0 0 0 0 0 0 0 0 0 0 0 0 0 0 0 0 0 0 0 0 0 0 0 0 0 0 0 0 0 0 0 0 0 0 0 0 0 0 0 0 0 0 0 0 0 0 0 0 0 0 0 0 0 0 0 0 0 0 0 0 0 0 0 0 0 0 0 0 0 0 0 0 0 0 0 0 0 0 0 0 
0 0 0 0 0 0 0 0 0 0 0 0 0 0 0 0 0 0 0 0 0 0 0 0 0 0 0 0 0 0 0 0 0 0 0 0 0 0 0 0 0 0 0 0 0 0 0 0 0 0 0 0 0 0 0 0 0 0 0 0 0 0 0 0 0 0 0 0 0 0 0 0 0 0 0 0 0 0 0 0 0 0 0 0 0 0 0 0 0 0 
0 0 0 0 0 0 0 0 0 0 0 0 0 0 0 0 0 0 0 0 0 0 0 0 0 0 0 0 0 0 0 0 0 0 0 0 0 0 0 0 0 0 0 0 0 0 0 0 0 0 0 0 0 0 0 0 0 0 0 0 0 0 0 0 0 0 0 0 0 0 0 0 0 0 0 0 0 0 0 0 0 0 0 0 0 0 0 0 0 0 
0 0 0 0 0 0 0 0 0 0 0 0 0 0 0 0 0 0 0 0 0 0 0 0 0 0 1.543100202e+11 0 0 0 0 0 0 0 0 0 0 0 0 0 0 0 0 0 0 0 0 0 0 0 0 0 0 0 0 0 0 0 0 0 0 0 0 0 0 0 0 0 0 0 0 0 0 0 0 0 0 0 0 0 0 0 0 0 0 0 0 0 0 0 
0 0 0 0 0 0 0 0 0 0 0 0 0 0 0 0 0 0 0 0 0 0 0 1.516385e+11 5.753955746e+10 0 0 0 0 0 0 0 0 0 0 0 0 0 0 0 0 0 0 0 0 0 0 0 0 0 0 0 0 0 0 0 0 0 0 0 0 0 0 0 0 0 0 0 0 0 0 0 0 0 0 0 0 0 0 0 0 0 0 0 0 0 0 0 0 0 
0 0 0 0 0 0 0 0 0 0 0 0 0 0 0 0 0 0 0 0 0 0 1.828925862e+11 4.837917352e+10 0 6.923240054e+10 0 0 0 0 0 0 0 0 0 0 0 0 0 0 0 0 0 0 0 0 0 0 0 0 0 0 0 0 0 0 0 0 0 0 0 0 0 0 0 0 0 0 0 0 0 0 0 0 0 0 0 0 0 0 0 0 0 0 0 0 0 0 0 0 
0 0 0 0 0 0 0 0 0 0 0 0 0 0 0 0 0 0 0 0 0 1.458543191e+11 1.735928284e+11 0 0 0 0 0 0 0 0 0 0 0 0 0 0 0 0 0 0 0 0 0 0 0 0 0 0 0 0 0 0 0 0 0 0 0 0 0 0 0 0 0 0 0 0 0 0 0 0 0 0 0 0 0 0 0 0 0 0 0 0 0 0 0 0 0 0 0 
0 0 0 0 0 0 0 0 0 0 0 0 0 0 0 0 0 0 0 0 1.382078512e+11 3.723792224e+11 4.936873676e+11 2.962316542e+11 0 0 1.43229495e+11 0 0 0 0 0 0 0 0 0 0 0 0 0 0 0 0 0 0 0 0 0 0 0 0 0 0 0 0 0 0 0 0 0 0 0 0 0 0 0 0 0 0 0 0 0 0 0 0 0 0 0 0 0 0 0 0 0 0 0 0 0 0 0 
0 0 0 0 0 0 0 0 0 0 0 0 0 0 0 0 0 0 0 0 0 6.38555455e+11 1.016991125e+12 5.991211922e+11 0 0 1.028615069e+11 0 0 0 0 0 0 0 0 0 0 0 0 0 0 0 0 0 0 0 0 0 0 0 0 0 0 0 0 0 0 0 0 0 0 0 0 0 0 0 0 0 0 0 0 0 0 0 0 0 0 0 0 0 0 0 0 0 0 0 0 0 0 0 
0 0 0 0 0 0 0 0 0 0 0 0 0 1.001773038e+11 0 0 0 6.073223484e+10 0 0 1.526242433e+11 5.874355864e+11 1.111544372e+12 8.235801404e+11 0 2.028828602e+11 0 1.045150187e+11 0 0 0 0 0 0 0 0 0 0 0 0 0 0 0 0 0 0 0 0 0 0 0 0 0 0 0 0 0 0 0 0 0 0 0 0 0 0 0 0 0 0 0 0 0 0 0 0 0 0 0 0 0 0 0 0 0 0 0 0 0 0 
0 0 0 0 0 0 0 0 0 0 0 0 0 0 0 0 0 0 0 0 0 6.016225778e+11 1.297106486e+12 6.803151202e+11 0 0 0 0 0 0 0 0 0 0 0 0 0 0 0 0 0 0 0 0 0 0 0 0 0 0 0 0 0 0 0 0 0 0 0 0 0 0 0 0 0 0 0 0 0 0 0 0 0 0 0 0 0 0 0 0 0 0 0 0 0 0 0 0 0 0 
0 0 0 0 0 0 0 0 0 0 0 0 0 0 0 0 8.803241801e+10 0 0 0 0 6.007611943e+11 1.249311482e+12 5.409953132e+11 1.04014118e+11 0 0 1.39746073e+11 0 0 0 0 0 0 0 0 0 0 0 0 0 0 0 0 0 0 0 0 0 0 0 0 0 0 0 0 0 0 0 0 0 0 0 0 0 0 0 0 0 0 0 0 0 0 0 0 0 0 0 0 0 0 0 0 0 0 0 0 0 0 
0 0 0 0 0 0 0 0 0 0 0 0 0 0 0 0 0 0 4.925155628e+10 1.869326804e+11 0 5.142292323e+11 1.355913002e+12 6.299766047e+11 0 0 6.348162854e+10 1.42524868e+11 0 0 0 0 0 0 0 0 0 0 0 0 0 0 0 0 0 0 0 0 0 0 0 0 0 0 0 0 0 0 0 0 0 0 0 0 0 0 0 0 0 0 0 0 0 0 0 0 0 0 0 0 0 0 0 0 0 0 0 0 0 0 
0 0 0 0 0 0 0 0 0 0 0 0 0 0 0 0 0 0 0 0 2.053268119e+11 5.512215772e+11 1.330903264e+12 5.503140338e+11 7.975865722e+10 6.483659899e+10 1.523347492e+11 0 0 0 0 0 0 0 0 0 0 0 0 0 0 0 0 0 0 0 0 0 0 0 0 0 0 0 0 0 0 0 0 0 0 0 0 0 0 0 0 0 0 0 0 0 0 0 0 0 0 0 0 0 0 0 0 0 0 0 0 0 0 0 
0 0 0 0 0 0 0 0 0 0 0 0 0 0 0 0 0 0 0 0 1.487116849e+11 3.94119128e+11 1.486849104e+12 6.894982844e+11 1.883211066e+11 1.507139847e+11 0 0 0 0 0 0 0 0 0 0 0 0 0 0 0 0 0 0 0 0 0 0 0 0 0 0 0 0 0 0 0 0 0 0 0 0 0 0 0 0 0 0 0 0 0 0 0 0 0 0 0 0 0 0 0 0 0 0 0 0 0 0 0 0 
0 0 0 0 0 0 0 0 0 0 0 0 0 0 0 0 6.743217516e+10 0 0 0 6.153594947e+10 4.414579025e+11 1.536987643e+12 7.20684172e+11 4.82741164e+10 0 0 0 0 1.484291182e+11 0 0 0 0 0 0 0 0 0 0 0 0 0 0 0 0 0 0 0 0 0 0 0 0 0 0 0 0 0 0 0 0 0 0 0 0 0 0 0 0 0 0 0 0 0 0 0 0 0 0 0 0 0 0 0 0 0 0 0 0 
0 0 0 0 0 0 0 0 0 0 0 0 0 0 0 0 0 0 0 4.964812052e+10 1.435935895e+11 3.815414536e+11 1.561375773e+12 7.043461529e+11 0 1.545240769e+11 0 0 0 0 0 0 0 0 0 0 0 0 0 0 0 0 0 0 0 0 0 0 0 0 0 0 0 0 0 0 0 0 0 0 0 0 0 0 0 0 0 0 0 0 0 0 0 0 0 0 0 0 0 0 0 0 0 0 0 0 0 0 0 0 
0 0 0 0 0 0 0 0 0 0 0 0 0 0 0 0 0 0 2.101118165e+11 7.8e+10 0 2.36370031e+11 1.574712902e+12 6.08022407e+11 7.269616592e+10 0 0 0 0 0 0 0 0 0 0 0 0 0 0 0 0 0 0 0 0 0 0 0 0 0 0 0 0 0 0 0 0 0 0 0 0 0 0 0 0 0 0 0 0 0 0 0 0 0 0 0 0 0 0 0 0 0 0 0 0 0 0 0 0 0 
0 0 0 0 0 0 0 0 0 0 0 0 0 0 0 0 0 0 7.580631604e+10 1.395145075e+11 0 4.563281107e+10 1.795388479e+12 6.424248521e+11 0 0 0 0 0 0 0 0 0 0 0 0 0 0 0 0 0 0 0 0 0 0 0 0 0 0 0 0 0 0 0 0 0 0 0 0 0 0 0 0 0 0 0 0 0 0 0 0 0 0 0 0 0 0 0 0 0 0 0 0 0 0 0 0 0 0 
0 0 0 0 0 0 0 0 0 0 0 0 0 0 0 0 0 0 7.934954953e+10 1.293474002e+11 0 2.250124415e+11 1.676501968e+12 3.611705361e+11 2.101559766e+11 6.086465693e+10 0 0 0 0 0 0 0 0 0 0 0 0 0 0 0 0 0 0 0 0 0 0 0 0 0 0 0 0 0 0 0 0 0 0 0 0 0 0 0 0 0 0 0 0 0 0 0 0 0 0 0 0 0 0 0 0 0 0 0 0 0 0 0 0 
0 0 0 0 0 0 0 0 0 0 0 0 0 0 0 0 0 0 0 0 4.494380522e+10 2.61283955e+11 1.768018457e+12 4.16863915e+11 4.899322557e+10 0 0 0 0 0 0 0 0 0 0 0 0 0 0 0 0 0 0 0 0 0 0 0 0 0 0 0 0 0 0 0 0 0 0 0 0 0 0 0 0 0 0 0 0 0 0 0 0 0 0 0 0 0 0 0 0 0 0 0 0 0 0 0 0 0 
0 0 0 0 0 0 0 0 0 0 0 0 0 0 0 0 0 0 0 1.43385958e+11 1.482957709e+11 2.210747565e+11 1.827041548e+12 4.557797762e+11 0 0 0 1.431972113e+11 0 0 0 0 0 0 0 0 0 0 0 0 0 0 0 0 0 0 0 0 0 0 0 0 0 0 0 0 0 0 0 0 0 0 0 0 0 0 0 0 0 0 0 0 0 0 0 0 0 0 0 0 0 0 0 0 0 0 0 0 0 0 
0 0 0 0 0 0 0 0 0 0 0 0 0 0 0 1.382936189e+11 0 0 0 0 8.470444536e+10 2.547798781e+11 1.851614175e+12 3.637580893e+11 7.191603383e+10 1.986948122e+11 0 1.549261086e+11 0 0 0 0 0 0 0 0 0 0 0 0 0 0 0 0 0 0 0 0 0 0 0 0 0 0 0 0 0 0 0 0 0 0 0 0 0 0 0 0 0 0 0 0 0 0 0 0 0 0 0 0 0 0 0 0 0 0 0 0 0 0 
0 0 0 0 0 0 0 0 0 0 0 0 0 0 0 0 0 0 5.713325787e+10 0 2.16750417e+11 1.8583936e+11 1.782655034e+12 3.953059336e+11 1.070715744e+11 0 0 0 0 0 0 0 0 0 0 0 0 0 0 0 0 0 0 0 0 0 0 0 0 0 0 0 0 0 0 0 0 0 0 0 0 0 0 0 0 0 0 0 0 0 0 0 0 0 0 0 0 0 0 0 0 0 0 0 0 0 0 0 0 0 
0 0 0 0 0 0 0 0 0 0 0 0 0 0 0 0 0 0 6.131954026e+10 0 0 2.616042882e+11 1.890550322e+12 2.22383183e+11 3.947473061e+10 0 0 0 0 0 0 0 0 0 0 0 0 0 0 0 0 0 0 0 0 0 0 0 0 0 0 0 0 0 0 0 0 0 0 0 0 0 0 0 0 0 0 0 0 0 0 0 0 0 0 0 0 0 0 0 0 0 0 0 0 0 0 0 0 0 
0 0 0 0 0 0 0 0 0 0 0 0 0 0 0 0 0 0 0 0 1.265230558e+11 2.024968681e+11 1.808875821e+12 4.285795471e+11 1.526998978e+11 5.719461751e+10 0 0 0 0 0 0 0 0 0 0 0 0 0 0 0 0 0 0 0 0 0 0 0 0 0 0 0 0 0 0 0 0 0 0 0 0 0 0 0 0 0 0 0 0 0 0 0 0 0 0 0 0 0 0 0 0 0 0 0 0 0 0 0 0 
0 0 0 0 0 0 0 0 0 0 0 0 0 0 0 0 0 1.384462788e+11 0 0 1.551321903e+11 2.399518119e+11 1.809419715e+12 3.86203817e+11 1.898271858e+11 0 0 0 7.980380058e+10 0 0 0 0 0 0 0 0 0 0 0 0 0 0 0 0 0 0 0 0 0 0 0 0 0 0 0 0 0 0 0 0 0 0 0 0 0 0 0 0 0 0 0 0 0 0 0 0 0 0 0 0 0 0 0 0 0 0 0 0 0 
0 0 0 0 0 0 0 0 0 0 0 0 0 0 0 0 0 0 1.557647152e+11 0 9.844518398e+10 3.737067497e+11 1.870694569e+12 4.369787339e+11 1.304616866e+11 2.310184608e+11 0 0 0 0 0 0 0 0 0 0 0 0 0 0 0 0 0 0 0 0 0 0 0 0 0 0 0 0 0 0 0 0 0 0 0 0 0 0 0 0 0 0 0 0 0 0 0 0 0 0 0 0 0 0 0 0 0 0 0 0 0 0 0 0 
0 0 0 0 0 0 0 0 0 0 0 0 0 0 0 0 6.833924067e+10 0 0 1.527421088e+11 0 2.175492723e+11 1.883345006e+12 2.611819457e+11 1.024651039e+11 0 7.8e+10 0 0 0 0 0 0 0 0 0 0 0 0 0 0 0 0 0 0 0 0 0 0 0 0 0 0 0 0 0 0 0 0 0 0 0 0 0 0 0 0 0 0 0 0 0 0 0 0 0 0 0 0 0 0 0 0 0 0 0 0 0 0 0 
0 0 0 0 0 0 0 0 0 0 0 0 0 0 0 0 0 1.557514558e+11 0 6.777205682e+10 1.493623511e+11 2.952381226e+11 1.921826797e+12 2.715650154e+11 1.2307268e+11 1.404408531e+11 1.428287745e+11 1.461928804e+11 0 0 0 0 0 0 0 0 0 0 0 0 0 0 0 0 0 0 0 0 0 0 0 0 0 0 0 0 0 0 0 0 0 0 0 0 0 0 0 0 0 0 0 0 0 0 0 0 0 0 0 0 0 0 0 0 0 0 0 0 0 0 
0 0 0 0 0 0 0 0 0 0 0 0 0 0 0 0 0 0 4.15998255e+10 0 1.813776513e+11 3.093608204e+11 2.035283583e+12 2.410955775e+11 1.562381062e+11 1.158049886e+11 4.38672173e+10 0 0 0 0 0 0 0 0 0 0 0 0 0 0 0 0 0 0 0 0 0 0 0 0 0 0 0 0 0 0 0 0 0 0 0 0 0 0 0 0 0 0 0 0 0 0 0 0 0 0 0 0 0 0 0 0 0 0 0 0 0 0 0 
0 0 0 0 0 0 0 0 0 0 0 0 0 0 0 0 0 0 0 1.457086051e+11 1.037991088e+11 2.433585924e+11 1.854192316e+12 3.182022563e+11 1.949156526e+11 0 0 0 0 0 0 0 0 0 0 0 0 0 0 0 0 0 0 0 0 0 0 0 0 0 0 0 0 0 0 0 0 0 0 0 0 0 0 0 0 0 0 0 0 0 0 0 0 0 0 0 0 0 0 0 0 0 0 0 0 0 0 0 0 0 
0 0 0 0 0 0 0 0 0 0 0 0 0 0 0 0 0 0 0 1.472027528e+11 4.29403882e+10 2.372517305e+11 1.976533896e+12 3.22243423e+11 1.540429351e+11 0 0 0 0 0 0 0 0 0 0 0 0 0 0 0 0 0 0 0 0 0 0 0 0 0 0 0 0 0 0 0 0 0 0 0 0 0 0 0 0 0 0 0 0 0 0 0 0 0 0 0 0 0 0 0 0 0 0 0 0 0 0 0 0 0 
0 0 0 0 0 0 0 0 0 0 0 0 0 0 0 0 0 0 1.47654047e+11 0 1.20115773e+11 2.021646421e+11 2.012561893e+12 2.975435885e+11 1.144875766e+11 5.824125087e+10 0 0 0 0 0 0 0 0 0 0 0 0 0 0 0 0 0 0 0 0 0 0 0 0 0 0 0 0 0 0 0 0 0 0 0 0 0 0 0 0 0 0 0 0 0 0 0 0 0 0 0 0 0 0 0 0 0 0 0 0 0 0 0 0 
0 0 0 0 0 0 0 0 0 0 0 0 0 0 0 0 0 0 5.72959646e+10 0 0 4.097089112e+11 2.060171528e+12 2.158861589e+11 1.936495643e+11 0 1.312492547e+11 0 0 0 0 0 0 0 0 0 0 0 0 0 0 0 0 0 0 0 0 0 0 0 0 0 0 0 0 0 0 0 0 0 0 0 0 0 0 0 0 0 0 0 0 0 0 0 0 0 0 0 0 0 0 0 0 0 0 0 0 0 0 0 
0 0 0 0 0 0 0 0 0 0 0 0 0 0 0 0 0 0 0 0 5.83046236e+10 2.012332615e+11 1.902945647e+12 2.710388002e+11 4.964626551e+10 5.866766274e+10 0 0 0 0 0 0 0 0 0 0 0 0 0 0 0 0 0 0 0 0 0 0 0 0 0 0 0 0 0 0 0 0 0 0 0 0 0 0 0 0 0 0 0 0 0 0 0 0 0 0 0 0 0 0 0 0 0 0 0 0 0 0 0 0 
0 0 0 0 0 0 0 0 0 0 0 0 0 0 0 0 0 0 0 2.03115507e+11 0 2.67267997e+11 2.026071828e+12 2.146503688e+11 1.523836491e+11 0 0 0 0 0 0 0 0 0 0 0 0 0 0 0 0 0 0 0 0 0 0 0 0 0 0 0 0 0 0 0 0 0 0 0 0 0 0 0 0 0 0 0 0 0 0 0 0 0 0 0 0 0 0 0 0 0 0 0 0 0 0 0 0 0 
0 0 0 0 0 0 0 0 0 0 0 0 0 0 0 0 0 1.028761518e+11 0 0 0 1.871434986e+11 2.038487083e+12 2.722093689e+11 0 0 0 0 0 0 0 0 0 0 0 0 0 0 0 0 0 0 0 0 0 0 0 0 0 0 0 0 0 0 0 0 0 0 0 0 0 0 0 0 0 0 0 0 0 0 0 0 0 0 0 0 0 0 0 0 0 0 0 0 0 0 0 0 0 0 
0 0 0 0 0 0 0 0 0 0 0 0 0 0 1.187885978e+11 0 0 0 0 0 4.831810677e+10 2.604070383e+11 2.11626816e+12 4.322971076e+11 1.799379471e+11 3.914021409e+10 0 0 0 0 0 0 0 0 0 0 0 0 0 0 0 0 0 0 0 0 0 0 0 0 0 0 0 0 0 0 0 0 0 0 0 0 0 0 0 0 0 0 0 0 0 0 0 0 0 0 0 0 0 0 0 0 0 0 0 0 0 0 0 0 
0 0 0 0 0 0 0 0 0 0 0 0 0 0 0 0 4.161402869e+10 0 0 0 9.522281022e+10 2.375844146e+11 2.083712157e+12 3.405505741e+11 1.262817829e+11 0 0 8.674122477e+10 0 0 0 0 0 0 0 0 0 0 0 0 0 0 0 0 0 0 0 0 0 0 0 0 0 0 0 0 0 0 0 0 0 0 0 0 0 0 0 0 0 0 0 0 0 0 0 0 0 0 0 0 0 0 0 0 0 0 0 0 0 0 
0 0 0 0 0 0 0 0 0 0 0 0 0 0 0 0 0 1.117554474e+11 0 0 1.513031373e+11 2.616014965e+11 1.973671854e+12 3.606621336e+11 0 6.09924624e+10 0 0 0 0 0 0 0 0 0 0 0 0 0 0 0 0 0 0 0 0 0 0 0 0 0 0 0 0 0 0 0 0 0 0 0 0 0 0 0 0 0 0 0 0 0 0 0 0 0 0 0 0 0 0 0 0 0 0 0 0 0 0 0 0 
0 0 0 0 0 0 0 0 0 0 0 0 0 0 0 0 0 0 0 0 1.597230467e+11 2.253108969e+11 1.916852479e+12 3.141629419e+11 4.134880328e+10 6.457540905e+10 0 0 0 0 0 0 0 0 0 0 0 0 0 0 0 0 0 0 0 0 0 0 0 0 0 0 0 0 0 0 0 0 0 0 0 0 0 0 0 0 0 0 0 0 0 0 0 0 0 0 0 0 0 0 0 0 0 0 0 0 0 0 0 0 
0 0 0 0 0 0 0 0 0 0 0 0 0 0 0 0 0 0 0 0 1.342543709e+11 2.111231331e+11 1.945939561e+12 3.187018202e+11 2.133926193e+11 1.555999303e+11 0 0 0 0 0 0 0 0 0 0 0 0 0 0 0 0 0 0 0 0 0 0 0 0 0 0 0 0 0 0 0 0 0 0 0 0 0 0 0 0 0 0 0 0 0 0 0 0 0 0 0 0 0 0 0 0 0 0 0 0 0 0 0 0 
0 0 0 0 0 0 0 0 0 0 0 0 0 0 0 0 0 0 0 0 2.147336373e+11 3.992392492e+11 2.010067161e+12 1.874394956e+11 2.046185423e+11 0 0 0 0 0 0 0 0 0 0 0 0 0 0 0 0 0 0 0 0 0 0 0 0 0 0 0 0 0 0 0 0 0 0 0 0 0 0 0 0 0 0 0 0 0 0 0 0 0 0 0 0 0 0 0 0 0 0 0 0 0 0 0 0 0 
0 0 0 0 0 0 0 0 0 0 0 0 0 0 0 0 0 0 1.479463956e+11 1.424865124e+11 1.126790509e+11 2.519037171e+11 1.941762903e+12 3.640224822e+11 2.659607064e+11 7.614395678e+10 0 0 0 0 0 0 0 0 0 0 0 0 0 0 0 0 0 0 0 0 0 0 0 0 0 0 0 0 0 0 0 0 0 0 0 0 0 0 0 0 0 0 0 0 0 0 0 0 0 0 0 0 0 0 0 0 0 0 0 0 0 0 0 0 
0 0 0 0 0 0 0 0 0 0 0 0 0 0 0 0 0 0 0 0 2.15380573e+11 3.363102097e+11 1.966321912e+12 3.114180355e+11 2.598781689e+11 0 0 0 0 0 0 0 0 0 0 0 0 0 0 0 0 0 0 0 0 0 0 0 0 0 0 0 0 0 0 0 0 0 0 0 0 0 0 0 0 0 0 0 0 0 0 0 0 0 0 0 0 0 0 0 0 0 0 0 0 0 0 0 0 0 
0 0 0 0 0 0 0 0 0 0 0 0 0 0 0 0 0 0 1.204297242e+11 0 1.320286217e+11 2.720726633e+11 2.069218687e+12 2.549314873e+11 2.008724147e+11 9.824998401e+10 0 0 0 0 0 0 0 0 0 0 0 0 0 0 0 0 0 0 0 0 0 0 0 0 0 0 0 0 0 0 0 0 0 0 0 0 0 0 0 0 0 0 0 0 0 0 0 0 0 0 0 0 0 0 0 0 0 0 0 0 0 0 0 0 
0 0 0 0 0 0 0 0 0 0 0 0 0 0 0 0 0 0 1.465406842e+11 0 1.869728032e+11 3.028564192e+11 1.99445219e+12 3.150921571e+11 1.708316058e+11 0 1.332456887e+11 1.369088287e+11 0 0 0 0 0 0 0 0 0 0 0 0 0 0 0 0 0 0 0 0 0 0 0 0 0 0 0 0 0 0 0 0 0 0 0 0 0 0 0 0 0 0 0 0 0 0 0 0 0 0 0 0 0 0 0 0 0 0 0 0 0 0 
0 0 0 0 0 0 0 0 0 0 0 0 0 0 0 0 0 0 0 0 5.384203012e+10 3.079557671e+11 1.928559578e+12 4.059819718e+11 1.733812948e+11 1.774535881e+11 0 0 0 0 0 0 0 0 0 0 0 0 0 0 0 0 0 0 0 0 0 0 0 0 0 0 0 0 0 0 0 0 0 0 0 0 0 0 0 0 0 0 0 0 0 0 0 0 0 0 0 0 0 0 0 0 0 0 0 0 0 0 0 0 
0 0 0 0 0 0 0 0 0 0 0 0 0 0 0 0 0 0 36.52498414 1.043149108e+11 549.3377827 4.099256759e+11 1.926393379e+12 2.103479348e+11 5.160844665e+10 120975.6081 8.037197006e+10 0 0 0 0 0 0 0 0 0 0 0 0 0 0 0 0 0 0 0 0 0 0 0 0 0 0 0 0 0 0 0 0 0 0 0 0 0 0 0 0 0 0 0 0 0 0 0 0 0 0 0 0 0 0 0 0 0 0 0 0 0 0 0 
0 0 0 0 0 0 0 0 0 0 0 0 0 0 0 0 1.729833991e-21 366.4462166 148037.5105 3083.369525 9.71502805e+10 2.680675988e+11 1.854094397e+12 3.712596052e+11 5712266.014 1.479933697e+11 1.522484562e+11 1.693656272e-08 1.199689083e+11 0 0 0 0 0 0 0 0 0 0 0 0 0 0 0 0 0 0 0 0 0 0 0 0 0 0 0 0 0 0 0 0 0 0 0 0 0 0 0 0 0 0 0 0 0 0 0 0 0 0 0 0 0 0 0 0 0 0 0 0 0 
0 0 0 0 0 0 0 0 0 0 0 0 0 0 0 0.001717009961 894714.5448 162805159.1 682649.3431 41969140.69 1.255893675e+11 2.708931564e+11 1.847444515e+12 6.996122543e+11 1.889912714e+11 1.364737211e+11 1.168181627e+11 10640.51253 3079.250771 0.005416313924 0 0 0 0 0 0 0 0 0 0 0 0 0 0 0 0 0 0 0 0 0 0 0 0 0 0 0 0 0 0 0 0 0 0 0 0 0 0 0 0 0 0 0 0 0 0 0 0 0 0 0 0 0 0 0 0 0 0 0 0 
0 0 0 0 0 0 0 0 0 0 0 0 0 0 2.046281289e-07 45.48012978 5197839.435 3.247448748e+10 6923328.964 2.100686362e+11 2.279688764e+11 2.306018786e+11 1.917850195e+12 5.002813001e+11 4.956869513e+10 2.107433268e+11 205305929.6 28826.00511 49782426 1.545220036e+11 6.923258027e-08 0 0 0 0 0 0 0 0 0 0 0 0 0 0 0 0 0 0 0 0 0 0 0 0 0 0 0 0 0 0 0 0 0 0 0 0 0 0 0 0 0 0 0 0 0 0 0 0 0 0 0 0 0 0 0 0 0 0 0 
0 0 0 0 0 0 0 0 0 0 0 0 0 1.596878895e-21 697595.8111 167293.8045 8001223.123 26326157.1 1.685326032e+11 119688623.1 2.324414058e+11 2.11173805e+11 1.948203207e+12 5.228657221e+11 2.154005161e+11 2.303915345e+11 5283856.597 7610510.772 3523682.278 236476414.6 160922.9962 5.188293821e-07 0 0 0 0 0 0 0 0 0 0 0 0 0 0 0 0 0 0 0 0 0 0 0 0 0 0 0 0 0 0 0 0 0 0 0 0 0 0 0 0 0 0 0 0 0 0 0 0 0 0 0 0 0 0 0 0 0 0 
0 0 0 0 0 0 0 0 0 0 0 0 0 12161.05697 481214.4184 15165827.05 14626304.08 335726789.2 88095153.88 1.476565193e+11 2.213842338e+11 3.956824994e+11 1.813756022e+12 4.149246484e+11 2.062789033e+11 1.462896598e+11 17230566.09 25558851.85 29632793.98 5184428.866 6651.180014 0.6455077064 0 0 0 0 0 0 0 0 0 0 0 0 0 0 0 0 0 0 0 0 0 0 0 0 0 0 0 0 0 0 0 0 0 0 0 0 0 0 0 0 0 0 0 0 0 0 0 0 0 0 0 0 0 0 0 0 0 0 
0 0 0 0 0 0 0 0 0 0 0 0 0.01037059649 2542694.407 36741497.8 500858906.7 86686062.89 1438770849 2155160864 40651360.24 1.260785927e+11 2.690959216e+11 1.783833685e+12 5.496605643e+11 5243077362 4090042092 1.218387271e+11 137453593.7 1.481942482e+11 275818.8412 95441.8692 0.3582767663 4.350817497e-12 0 0 0 0 0 0 0 0 0 0 0 0 0 0 0 0 0 0 0 0 0 0 0 0 0 0 0 0 0 0 0 0 0 0 0 0 0 0 0 0 0 0 0 0 0 0 0 0 0 0 0 0 0 0 0 0 0 
0 0 0 0 0 0 0 0 0 0 0 0 535020.1198 9047536.538 68496034.49 50815870.52 37624177.53 2.468000404e+10 1.599567868e+11 1897807334 1.980958032e+11 4.148474593e+11 1.811281354e+12 6.051288474e+11 1.830265522e+11 1.032496755e+10 1.542176692e+11 1.490194429e+10 164435463.4 1.511684169e+11 7311960.321 5551688.4 261238.7102 0 0 0 0 0 0 0 0 0 0 0 0 0 0 0 0 0 0 0 0 0 0 0 0 0 0 0 0 0 0 0 0 0 0 0 0 0 0 0 0 0 0 0 0 0 0 0 0 0 0 0 0 0 0 0 0 0 
0 0 0 0 0 0 0 0 0 0 0 0.01607640641 620693.0616 3922587.67 2018452.848 30124759.37 69960764.44 88211830.65 1.246040916e+11 1.679685157e+11 2.28642139e+11 3.336890579e+11 1.861304641e+12 6.231414949e+11 9.733193562e+10 2597160244 1.074457508e+10 1.494172039e+11 232184201.2 4076394.674 19620999.05 6358786.611 10701614.3 18252.85931 0 0 0 0 0 0 0 0 0 0 0 0 0 0 0 0 0 0 0 0 0 0 0 0 0 0 0 0 0 0 0 0 0 0 0 0 0 0 0 0 0 0 0 0 0 0 0 0 0 0 0 0 0 0 0 0 
0 0 0 0 0 0 0 0 0 0 0 15667.18641 142556393.4 68988179.98 55120284.63 26860157.46 309267349.1 1.412660262e+11 295877814.1 189437453.1 2.058993779e+11 3.061504391e+11 1.650261085e+12 6.016442876e+11 1.812901406e+11 7.620453495e+10 229558117.2 63254150.21 1.503690729e+11 18636179.7 69427857.31 5895931.858 16393262.06 470693.6721 3.205689028e-26 0 0 0 0 0 0 0 0 0 0 0 0 0 0 0 0 0 0 0 0 0 0 0 0 0 0 0 0 0 0 0 0 0 0 0 0 0 0 0 0 0 0 0 0 0 0 0 0 0 0 0 0 0 0 0 
0 0 0 0 0 0 0 0 0 0 14044.87372 10563903.86 6109556.173 8751639.925 85424971.79 7.029396182e+10 39284178.46 140682418.4 7985208394 5.180554842e+10 9.479702116e+10 3.237578569e+11 1.719596849e+12 6.364939786e+11 5334626279 1.352502811e+11 555140809.9 169292990.5 494602028.1 342628522.6 45135761.59 5900710.134 760172.292 355531.0078 0.001940104423 0 0 0 0 0 0 0 0 0 0 0 0 0 0 0 0 0 0 0 0 0 0 0 0 0 0 0 0 0 0 0 0 0 0 0 0 0 0 0 0 0 0 0 0 0 0 0 0 0 0 0 0 0 0 0 
0 0 0 0 0 0 0 0 0 7.729921196e-27 12821.12155 3681964.446 8108693.07 10385106.9 31486125.7 47123209.54 1.495619487e+11 61377299.45 9731012942 7031232146 6.570831522e+10 3.848196846e+11 1.67159036e+12 6.383328922e+11 1.284522273e+11 9526591559 2322123486 1.376277338e+10 1.577917662e+11 107206350.7 203435068 206918013.3 7643897.831 25374508.58 382641.8153 0.0008200611922 0 0 0 0 0 0 0 0 0 0 0 0 0 0 0 0 0 0 0 0 0 0 0 0 0 0 0 0 0 0 0 0 0 0 0 0 0 0 0 0 0 0 0 0 0 0 0 0 0 0 0 0 0 0 
0 0 0 0 0 0 0 0 0 0.8369812686 5842447.821 659421689.8 44222242.04 116744026.5 309919203.6 1.471521912e+11 413176590 485911657.8 8.064327807e+10 4.982276729e+10 2.540272629e+11 4.744855135e+11 1.484635332e+12 7.644087614e+11 1.548043675e+11 1.141235715e+11 3709830857 116217047.3 7.438172211e+10 73815843.21 48905429.6 1.439307913e+11 4045874.194 935026239.6 1159347.541 0.912329489 0 0 0 0 0 0 0 0 0 0 0 0 0 0 0 0 0 0 0 0 0 0 0 0 0 0 0 0 0 0 0 0 0 0 0 0 0 0 0 0 0 0 0 0 0 0 0 0 0 0 0 0 0 0 
0 0 0 0 0 0 0 0 1.088128869e-11 66310093.41 2386084.55 11256914.86 82733942.12 152318842.1 53724516.62 1766292569 1.35536327e+11 238686632.5 1.003014275e+10 5.276365528e+10 1.549912731e+11 4.84376253e+11 1.454134411e+12 6.272794173e+11 1.453536442e+11 8.428411296e+10 596543808.5 1.898819645e+10 1.535003836e+11 127265174.1 156943011.6 496905259 37304952.77 5469454.641 153711.4698 82848.83968 0.01412130221 0 0 0 0 0 0 0 0 0 0 0 0 0 0 0 0 0 0 0 0 0 0 0 0 0 0 0 0 0 0 0 0 0 0 0 0 0 0 0 0 0 0 0 0 0 0 0 0 0 0 0 0 0 
0 0 0 0 0 0 0 0 0.0009187014178 307931.6724 13111017.67 1432464.484 232394553.5 26540382.74 1800481081 1.116482962e+11 2393619339 1.294169127e+10 1525655146 1.550002017e+11 5.79920071e+10 6.145480312e+11 1.41421413e+12 7.371093474e+11 2.746704045e+11 1.528160696e+11 2.076732932e+11 367645910.5 422054512.7 998357554.4 158568925.8 108816266.1 61606372.25 122500225.9 87031457.1 55298427.39 33.18965905 0 0 0 0 0 0 0 0 0 0 0 0 0 0 0 0 0 0 0 0 0 0 0 0 0 0 0 0 0 0 0 0 0 0 0 0 0 0 0 0 0 0 0 0 0 0 0 0 0 0 0 0 0 
0 0 0 0 0 0 0 1.590092298e-05 145070.9685 9496.50736 28662312.58 7403189.03 1153670373 39642367.83 77537911.7 126408110.3 1.020778795e+10 301459293.3 1.062179507e+11 5729977562 1.803925074e+11 5.095258059e+11 1.158148069e+12 7.256491469e+11 1.617042216e+11 1.55232018e+11 9685667194 3433427608 5265106510 5.914286811e+10 121754686 338962638.9 306209297.8 58152720.39 359737647.1 13207.03652 8008147.678 3.076722662e-23 0 0 0 0 0 0 0 0 0 0 0 0 0 0 0 0 0 0 0 0 0 0 0 0 0 0 0 0 0 0 0 0 0 0 0 0 0 0 0 0 0 0 0 0 0 0 0 0 0 0 0 0 
0 0 0 0 0 0 0 1364.601097 16258794.9 5941711.212 224054900.4 18535087.45 10117487.74 2720098546 36277459.61 279531451.6 271536789.7 7.300759035e+10 1.518093495e+11 1.271122075e+10 1.084846459e+11 3.332640234e+11 5.148047363e+11 2.838723284e+11 8.261908023e+10 1.910817331e+10 3804533061 454002206.4 3692186843 2792870456 681379728.1 288639627.1 8324721.328 99677580.04 25767347.31 45116215.03 6460273.177 9.400461861 0 0 0 0 0 0 0 0 0 0 0 0 0 0 0 0 0 0 0 0 0 0 0 0 0 0 0 0 0 0 0 0 0 0 0 0 0 0 0 0 0 0 0 0 0 0 0 0 0 0 0 0 
0 0 0 0 0 0 1.880758556e-14 205427.5639 1547753.421 13105163.46 1937052.86 66836224.16 87121319.74 23089005.31 589336371.4 9065246852 2188660564 1.832911115e+11 6544890503 3.158472754e+10 1.571354139e+11 1.794782743e+11 3.91859852e+11 1.728160191e+11 1.957489737e+11 1.561342279e+11 1421963412 2106625654 2459697501 6.548277487e+10 3830721392 146143859.1 147681287.9 62488452.23 50512754.87 8643713.319 34196540.2 5.752191772 7.276551858e-06 0 0 0 0 0 0 0 0 0 0 0 0 0 0 0 0 0 0 0 0 0 0 0 0 0 0 0 0 0 0 0 0 0 0 0 0 0 0 0 0 0 0 0 0 0 0 0 0 0 0 0 
0 0 0 0 0 0 2.560996322 1854640.743 1389868.642 2875696.282 65547181.33 3964444724 16235209.07 62530857.64 233294481.3 1388968917 7.424738302e+10 1.479080508e+10 8783701822 1.991147458e+10 1.68345097e+11 5.562379416e+11 9.768473773e+11 6.636524997e+11 9.2717617e+10 1.239518253e+10 2.223665864e+10 2184441026 3454732871 1441906672 431539633.5 76827411.98 429299362.3 59481446.88 85679823.64 121703.699 6687460.191 27147437.93 1.57951528e-10 0 0 0 0 0 0 0 0 0 0 0 0 0 0 0 0 0 0 0 0 0 0 0 0 0 0 0 0 0 0 0 0 0 0 0 0 0 0 0 0 0 0 0 0 0 0 0 0 0 0 0 
0 0 0 0 0 0 886687.6618 200550.7659 23038201.28 10790471.99 130251786.3 54211945.53 90998029.1 2795225624 119001661.8 1191168433 8.881053711e+10 1.811938272e+11 1.243766049e+10 1.037748238e+11 1.491554076e+11 4.7529397e+11 1.099575367e+12 7.31967061e+11 2.491343995e+11 1.203904456e+10 1480219111 4691038300 1948998600 678742506.2 2697671482 1878949406 16458026.5 23960048.75 836762997.5 16618522.88 9240042.885 1057.924411 2887.744142 0 0 0 0 0 0 0 0 0 0 0 0 0 0 0 0 0 0 0 0 0 0 0 0 0 0 0 0 0 0 0 0 0 0 0 0 0 0 0 0 0 0 0 0 0 0 0 0 0 0 0 
0 0 0 0 0 0.0003087431814 2873.573518 291242.8632 68145.89312 16827573.8 103393476.7 53072774.83 44149670.38 130562558.1 369594407.9 227445822.2 468071650.9 3698952075 7289856930 2674670101 8.556454134e+10 3.055996806e+11 5.485461875e+11 2.331547157e+11 1.418752652e+11 4311891443 5251687098 3089651260 5710918996 5.118307942e+10 5608352484 1298321522 162629432.8 176414056 91185409.81 13613907.82 5723843.592 21035.31644 851523.7221 5.166292245e-14 0 0 0 0 0 0 0 0 0 0 0 0 0 0 0 0 0 0 0 0 0 0 0 0 0 0 0 0 0 0 0 0 0 0 0 0 0 0 0 0 0 0 0 0 0 0 0 0 0 0 
0 0 0 0 0 5.9271708 3978.720039 16104402.19 397875.0063 314570794.5 278244640.8 20365224.77 18454142.99 30954155.75 1349216438 79316110.07 3.09430831e+10 8203846621 2136590921 3749793092 5631842744 5958395473 1.547521066e+11 5.200659291e+10 9.775508155e+10 3874504146 8823637581 2.135652305e+10 1.534193192e+10 1503281535 2575771168 715108454.4 583658676.3 41165284.08 11497664.95 113443927.5 535842.0253 8238571.954 30.08503245 0.880875424 0 0 0 0 0 0 0 0 0 0 0 0 0 0 0 0 0 0 0 0 0 0 0 0 0 0 0 0 0 0 0 0 0 0 0 0 0 0 0 0 0 0 0 0 0 0 0 0 0 0 
0 0 0 0 0.2512177263 13250248.59 15682258.5 7838690.2 7776467.012 76023594.76 747715688.6 1873570.311 493923686.4 395913604.6 42916771.76 3608808674 6.572275641e+10 268749585.4 1884955144 2665720328 3616189314 1.597626089e+11 4613058814 5003187437 7.84457132e+10 2599938328 7.805154145e+10 720279572.8 234237686.2 2103337577 65059244.14 339333448.8 2077309597 6286605847 79315.80391 1558326.405 6819725.997 4174334.337 98442.93837 51197.97981 27.02136225 0 0 0 0 0 0 0 0 0 0 0 0 0 0 0 0 0 0 0 0 0 0 0 0 0 0 0 0 0 0 0 0 0 0 0 0 0 0 0 0 0 0 0 0 0 0 0 0 0 
0 0 0 0 1317.364543 10706.96336 167418.6863 6426004.217 597837.5433 2009533.095 2638492.692 116477362.7 1.00174199e+10 469550413.7 7.804450838e+10 7978159787 3.12424802e+10 1802868021 733766686.4 6291842244 994958362.2 1.487032162e+11 7.802882919e+10 1491300708 7918923306 668380148.7 1766166094 1.003773865e+11 1.037136668e+10 448221800.6 36578252.88 1830202299 387197370.4 143904211.9 134201498.4 26362.03786 52498554.77 125806.3004 930784194.1 194685.8043 11.78236483 0 0 0 0 0 0 0 0 0 0 0 0 0 0 0 0 0 0 0 0 0 0 0 0 0 0 0 0 0 0 0 0 0 0 0 0 0 0 0 0 0 0 0 0 0 0 0 0 0 
0 0 0 0 56621.44094 9.277490085 9314.802128 6481115.87 295749.9865 393106458.8 7707553.915 5457103820 19924039.71 1840578.121 17902750.64 318935489.5 23396819.54 1.143972726e+10 1.231962795e+10 1553152703 3737098112 5.146012936e+10 1.297173665e+11 471590270.8 1908833199 1214589010 1.413779807e+11 830150366.2 50108718.34 575558078.6 41522718.42 478862986.8 61053026.23 332935425.8 30894739.55 593497053.9 34031618.6 918741.2744 346842.4625 3746486.219 0.0002282726397 0 0 0 0 0 0 0 0 0 0 0 0 0 0 0 0 0 0 0 0 0 0 0 0 0 0 0 0 0 0 0 0 0 0 0 0 0 0 0 0 0 0 0 0 0 0 0 0 0 
0 0 0 0 0.02940616629 150544.824 7534991.451 1215035.873 5301180.701 228157060.3 24074014.7 66420404.01 11892994.02 6562978.781 23511131.93 1004075841 200395868.9 150868485.3 130697947.2 3825848245 7.803451145e+10 3019922370 551531529 223454519.3 703765594.4 480063066.7 870509738.5 225266729.5 597864178.8 3351245122 645982314.6 48862875.89 420648235.2 818044678.3 3242192.947 74750.00509 9773147.705 7928.903979 657406.3061 9229.585724 0.0005715558454 1.01177225e-18 0 0 0 0 0 0 0 0 0 0 0 0 0 0 0 0 0 0 0 0 0 0 0 0 0 0 0 0 0 0 0 0 0 0 0 0 0 0 0 0 0 0 0 0 0 0 0 0 
0 0 0 118.7428174 0.1359029644 2300060.539 146868.7605 29930.75581 158900.4316 214917.199 24815834.38 821850.591 4116129.856 28723558.47 517052478.6 292066280.3 10647449.68 578015116 139286910.5 1212305779 612217379.1 3903188866 1239924260 268879791.2 140600424.7 129388576.8 815351054.8 66005125.02 885735854.9 793829004.5 439944506.7 1209613.27 28743843.47 4261313.04 116460767.5 1927458.759 47073255.66 21518027.09 16914456.36 192162.5935 113350336.8 8.935213527e-06 0 0 0 0 0 0 0 0 0 0 0 0 0 0 0 0 0 0 0 0 0 0 0 0 0 0 0 0 0 0 0 0 0 0 0 0 0 0 0 0 0 0 0 0 0 0 0 0 
0 0 0 4.934847716e-05 5.371360017 297419.2778 341313142.3 515.3982176 1136.181866 14625523.91 935256.7309 2003849.837 21573591.5 96600962.3 85166209.77 46025917.04 16984443.26 958732264.2 4662164.503 631454221.8 169798214.5 872310569.8 46880723.06 237015251 1517439869 130614919.2 29934613.69 1097187188 1243217420 199564514.1 11646864.38 38580795.25 684218.352 10133344.14 104.4727821 66752.18829 12793.16848 234652.803 12378.78697 4703286.536 2.273770652 5.287150653e-11 0 0 0 0 0 0 0 0 0 0 0 0 0 0 0 0 0 0 0 0 0 0 0 0 0 0 0 0 0 0 0 0 0 0 0 0 0 0 0 0 0 0 0 0 0 0 0 0 
0 0 0 68.47609554 671958.4765 1.019844933 308.234577 11700233.63 7330.179749 3492199.79 11464.09086 3183236.635 2228034.905 9063295.652 989850165.9 6845485870 16054698.86 215437259.4 3140986.31 404933610.3 804770189 593667.515 89380457.78 666280338.1 517191105.8 291099.2822 1383803643 84923256.52 151885.0595 50992330.81 2655669.224 60255436 43127.97134 193719.043 343.5623612 1518494986 4144.002091 11192690.46 668.3694307 3090.050705 0.02826299619 1.959231222e-22 4.594295311e-06 0 0 0 0 0 0 0 0 0 0 0 0 0 0 0 0 0 0 0 0 0 0 0 0 0 0 0 0 0 0 0 0 0 0 0 0 0 0 0 0 0 0 0 0 0 0 0 
0 0 0 4.546407503e-05 7096.263323 10.11898791 207.1353033 1146.519005 6016493.895 16535.72716 1173452.245 334363.5805 115235.8857 44115.51992 145672.7943 26732.74235 1506.202037 504099.0139 2694800.119 8603.562791 13724979.14 20455496.41 26457657.27 89035.93963 36.9252132 2443.049922 160621.4552 1645945.216 6515.179405 36094244.76 7027042677 2148290.843 37.47968775 0.01980451873 1386995.377 28438845.82 7.72145954 2530725.887 681.45742 0.003547929238 0.002961485514 0 0 1.969377867e-06 0 0 0 0 0 0 0 0 0 0 0 0 0 0 0 0 0 0 0 0 0 0 0 0 0 0 0 0 0 0 0 0 0 0 0 0 0 0 0 0 0 0 0 0 0 0 
0 0 0 8.737402164e-06 0.001732713143 0.1625330617 0.2807536515 1.828223128 2305.378514 28949.44232 38.42369812 59.70501483 42501.80805 1104559.605 2829698.468 4815291.492 484629984.2 5015.9322 122943.3838 18617.41124 0.6475224441 443583.8588 542467.3155 10957343.03 35.60829239 614964.802 1376179.483 1.766009921 138.5851319 22729135.03 24.03349798 6131.481597 1757033.716 60952.5591 0.4099351416 10848675.64 0.002671330455 7530329.157 0.05655293196 0.007046566971 6.256978179e-15 2.650416447e-08 0 0 0 0 0 0 0 0 0 0 0 0 0 0 0 0 0 0 0 0 0 0 0 0 0 0 0 0 0 0 0 0 0 0 0 0 0 0 0 0 0 0 0 0 0 0 0 0 
0 0 0 0 0 8.345862786e-07 7510907.233 64.33859392 6.62851626 0.004238003802 428882.9373 211126.8423 74.22964049 810330.791 202655.5898 32.03389749 53.5536203 7.232804263 0.04225163883 244.5268952 5360.16394 0.1853179299 5397.302116 0.1708078486 91.27090132 107640.3329 9.041084967 0.02733711628 0.5377013048 2340.882699 6619.721388 0.08881142114 6.875213294 0.0001296958948 0.002230293193 4.428898227e-13 1284.10404 2.53456419e-08 733.5380437 6.44783171e-06 9.232090246e-07 0 0 0 0 0 0 0 0 0 0 0 0 0 0 0 0 0 0 0 0 0 0 0 0 0 0 0 0 0 0 0 0 0 0 0 0 0 0 0 0 0 0 0 0 0 0 0 0 0 
0 0 0 0 0 0 0 2.889504837 0.0002250390261 1813.760642 0.000126199874 0 131.3767703 3460.631145 3.939281046e-17 29.49928516 7.752850747e-09 73.99115547 5.614427064e-11 50.18444376 376.0145466 2.883083192e-09 2371737.896 81.66205373 0.0004873931581 2.370555908e-13 6.334090436e-05 2.027592746e-08 181.7830009 0.04864048407 0.0002587385358 0.7451623731 7.665933703e-11 3.111672213e-06 6.846181464e-11 3.877861158e-24 0 1.479410256e-06 8.846414272e-06 0 4.715267747e-13 0 0 0 0 0 0 0 0 0 0 0 0 0 0 0 0 0 0 0 0 0 0 0 0 0 0 0 0 0 0 0 0 0 0 0 0 0 0 0 0 0 0 0 0 0 0 0 0 0 
0 0 0 0 0 0 0 0 0 0.1354394604 7.241745049e-11 0 0 1.601530275e-26 0 0 0 0 1.194515602e-25 0 0.001334744073 1.334704942e-12 4.229537204e-27 0 0 4.415465435e-07 0 1.925725382e-06 0 0 0 0 0 0 0 0 0 0 0 0 0 0 0 0 0 0 0 0 0 0 0 0 0 0 0 0 0 0 0 0 0 0 0 0 0 0 0 0 0 0 0 0 0 0 0 0 0 0 0 0 0 0 0 0 0 0 0 0 0 0 
# Events [Sphere1/nonrotated.dat] N:
0 0 0 0 0 0 0 0 0 0 0 0 0 0 0 0 0 0 0 0 0 0 0 0 0 0 0 0 0 0 0 0 0 0 0 0 0 0 0 0 0 0 0 0 0 0 0 0 0 0 0 0 0 0 0 0 0 0 0 0 0 0 0 0 0 0 0 0 0 0 0 0 0 0 0 0 0 0 0 0 0 0 0 0 0 0 0 0 0 0 
0 0 0 0 0 0 0 0 0 0 0 0 0 0 0 0 0 0 0 0 0 0 0 0 0 0 0 0 0 0 0 0 0 0 0 0 0 0 0 0 0 0 0 0 0 0 0 0 0 0 0 0 0 0 0 0 0 0 0 0 0 0 0 0 0 0 0 0 0 0 0 0 0 0 0 0 0 0 0 0 0 0 0 0 0 0 0 0 0 0 
0 0 0 0 0 0 0 0 0 0 0 0 0 0 0 0 0 0 0 0 0 0 0 0 0 0 0 0 0 0 0 0 0 0 0 0 0 0 0 0 0 0 0 0 0 0 0 0 0 0 0 0 0 0 0 0 0 0 0 0 0 0 0 0 0 0 0 0 0 0 0 0 0 0 0 0 0 0 0 0 0 0 0 0 0 0 0 0 0 0 
0 0 0 0 0 0 0 0 0 0 0 0 0 0 0 0 0 0 0 0 0 0 0 0 0 0 0 0 0 0 0 0 0 0 0 0 0 0 0 0 0 0 0 0 0 0 0 0 0 0 0 0 0 0 0 0 0 0 0 0 0 0 0 0 0 0 0 0 0 0 0 0 0 0 0 0 0 0 0 0 0 0 0 0 0 0 0 0 0 0 
0 0 0 0 0 0 0 0 0 0 0 0 0 0 0 0 0 0 0 0 0 0 0 0 0 0 0 0 0 0 0 0 0 0 0 0 0 0 0 0 0 0 0 0 0 0 0 0 0 0 0 0 0 0 0 0 0 0 0 0 0 0 0 0 0 0 0 0 0 0 0 0 0 0 0 0 0 0 0 0 0 0 0 0 0 0 0 0 0 0 
0 0 0 0 0 0 0 0 0 0 0 0 0 0 0 0 0 0 0 0 0 0 0 0 0 0 0 0 0 0 0 0 0 0 0 0 0 0 0 0 0 0 0 0 0 0 0 0 0 0 0 0 0 0 0 0 0 0 0 0 0 0 0 0 0 0 0 0 0 0 0 0 0 0 0 0 0 0 0 0 0 0 0 0 0 0 0 0 0 0 
0 0 0 0 0 0 0 0 0 0 0 0 0 0 0 0 0 0 0 0 0 0 0 0 0 0 0 0 0 0 0 0 0 0 0 0 0 0 0 0 0 0 0 0 0 0 0 0 0 0 0 0 0 0 0 0 0 0 0 0 0 0 0 0 0 0 0 0 0 0 0 0 0 0 0 0 0 0 0 0 0 0 0 0 0 0 0 0 0 0 
0 0 0 0 0 0 0 0 0 0 0 0 0 0 0 0 0 0 0 0 0 0 0 0 0 0 0 0 0 0 0 0 0 0 0 0 0 0 0 0 0 0 0 0 0 0 0 0 0 0 0 0 0 0 0 0 0 0 0 0 0 0 0 0 0 0 0 0 0 0 0 0 0 0 0 0 0 0 0 0 0 0 0 0 0 0 0 0 0 0 
0 0 0 0 0 0 0 0 0 0 0 0 0 0 0 0 0 0 0 0 0 0 0 0 0 0 0 0 0 0 0 0 0 0 0 0 0 0 0 0 0 0 0 0 0 0 0 0 0 0 0 0 0 0 0 0 0 0 0 0 0 0 0 0 0 0 0 0 0 0 0 0 0 0 0 0 0 0 0 0 0 0 0 0 0 0 0 0 0 0 
0 0 0 0 0 0 0 0 0 0 0 0 0 0 0 0 0 0 0 0 0 0 0 0 0 0 0 0 0 0 0 0 0 0 0 0 0 0 0 0 0 0 0 0 0 0 0 0 0 0 0 0 0 0 0 0 0 0 0 0 0 0 0 0 0 0 0 0 0 0 0 0 0 0 0 0 0 0 0 0 0 0 0 0 0 0 0 0 0 0 
0 0 0 0 0 0 0 0 0 0 0 0 0 0 0 0 0 0 0 0 0 0 0 0 0 0 1 0 0 0 0 0 0 0 0 0 0 0 0 0 0 0 0 0 0 0 0 0 0 0 0 0 0 0 0 0 0 0 0 0 0 0 0 0 0 0 0 0 0 0 0 0 0 0 0 0 0 0 0 0 0 0 0 0 0 0 0 0 0 0 
0 0 0 0 0 0 0 0 0 0 0 0 0 0 0 0 0 0 0 0 0 0 0 1 1 0 0 0 0 0 0 0 0 0 0 0 0 0 0 0 0 0 0 0 0 0 0 0 0 0 0 0 0 0 0 0 0 0 0 0 0 0 0 0 0 0 0 0 0 0 0 0 0 0 0 0 0 0 0 0 0 0 0 0 0 0 0 0 0 0 
0 0 0 0 0 0 0 0 0 0 0 0 0 0 0 0 0 0 0 0 0 0 3 1 0 1 0 0 0 0 0 0 0 0 0 0 0 0 0 0 0 0 0 0 0 0 0 0 0 0 0 0 0 0 0 0 0 0 0 0 0 0 0 0 0 0 0 0 0 0 0 0 0 0 0 0 0 0 0 0 0 0 0 0 0 0 0 0 0 0 
0 0 0 0 0 0 0 0 0 0 0 0 0 0 0 0 0 0 0 0 0 1 3 0 0 0 0 0 0 0 0 0 0 0 0 0 0 0 0 0 0 0 0 0 0 0 0 0 0 0 0 0 0 0 0 0 0 0 0 0 0 0 0 0 0 0 0 0 0 0 0 0 0 0 0 0 0 0 0 0 0 0 0 0 0 0 0 0 0 0 
0 0 0 0 0 0 0 0 0 0 0 0 0 0 0 0 0 0 0 0 1 9 19 6 0 0 1 0 0 0 0 0 0 0 0 0 0 0 0 0 0 0 0 0 0 0 0 0 0 0 0 0 0 0 0 0 0 0 0 0 0 0 0 0 0 0 0 0 0 0 0 0 0 0 0 0 0 0 0 0 0 0 0 0 0 0 0 0 0 0 
0 0 0 0 0 0 0 0 0 0 0 0 0 0 0 0 0 0 0 0 0 29 89 33 0 0 1 0 0 0 0 0 0 0 0 0 0 0 0 0 0 0 0 0 0 0 0 0 0 0 0 0 0 0 0 0 0 0 0 0 0 0 0 0 0 0 0 0 0 0 0 0 0 0 0 0 0 0 0 0 0 0 0 0 0 0 0 0 0 0 
0 0 0 0 0 0 0 0 0 0 0 0 0 1 0 0 0 1 0 0 1 32 105 56 0 2 0 1 0 0 0 0 0 0 0 0 0 0 0 0 0 0 0 0 0 0 0 0 0 0 0 0 0 0 0 0 0 0 0 0 0 0 0 0 0 0 0 0 0 0 0 0 0 0 0 0 0 0 0 0 0 0 0 0 0 0 0 0 0 0 
0 0 0 0 0 0 0 0 0 0 0 0 0 0 0 0 0 0 0 0 0 33 126 32 0 0 0 0 0 0 0 0 0 0 0 0 0 0 0 0 0 0 0 0 0 0 0 0 0 0 0 0 0 0 0 0 0 0 0 0 0 0 0 0 0 0 0 0 0 0 0 0 0 0 0 0 0 0 0 0 0 0 0 0 0 0 0 0 0 0 
0 0 0 0 0 0 0 0 0 0 0 0 0 0 0 0 1 0 0 0 0 29 124 27 1 0 0 1 0 0 0 0 0 0 0 0 0 0 0 0 0 0 0 0 0 0 0 0 0 0 0 0 0 0 0 0 0 0 0 0 0 0 0 0 0 0 0 0 0 0 0 0 0 0 0 0 0 0 0 0 0 0 0 0 0 0 0 0 0 0 
0 0 0 0 0 0 0 0 0 0 0 0 0 0 0 0 0 0 1 2 0 20 147 39 0 0 1 1 0 0 0 0 0 0 0 0 0 0 0 0 0 0 0 0 0 0 0 0 0 0 0 0 0 0 0 0 0 0 0 0 0 0 0 0 0 0 0 0 0 0 0 0 0 0 0 0 0 0 0 0 0 0 0 0 0 0 0 0 0 0 
0 0 0 0 0 0 0 0 0 0 0 0 0 0 0 0 0 0 0 0 2 21 144 29 1 1 1 0 0 0 0 0 0 0 0 0 0 0 0 0 0 0 0 0 0 0 0 0 0 0 0 0 0 0 0 0 0 0 0 0 0 0 0 0 0 0 0 0 0 0 0 0 0 0 0 0 0 0 0 0 0 0 0 0 0 0 0 0 0 0 
0 0 0 0 0 0 0 0 0 0 0 0 0 0 0 0 0 0 0 0 1 9 165 34 2 3 0 0 0 0 0 0 0 0 0 0 0 0 0 0 0 0 0 0 0 0 0 0 0 0 0 0 0 0 0 0 0 0 0 0 0 0 0 0 0 0 0 0 0 0 0 0 0 0 0 0 0 0 0 0 0 0 0 0 0 0 0 0 0 0 
0 0 0 0 0 0 0 0 0 0 0 0 0 0 0 0 1 0 0 0 1 15 203 32 1 0 0 0 0 1 0 0 0 0 0 0 0 0 0 0 0 0 0 0 0 0 0 0 0 0 0 0 0 0 0 0 0 0 0 0 0 0 0 0 0 0 0 0 0 0 0 0 0 0 0 0 0 0 0 0 0 0 0 0 0 0 0 0 0 0 
0 0 0 0 0 0 0 0 0 0 0 0 0 0 0 0 0 0 0 1 1 11 218 37 0 1 0 0 0 0 0 0 0 0 0 0 0 0 0 0 0 0 0 0 0 0 0 0 0 0 0 0 0 0 0 0 0 0 0 0 0 0 0 0 0 0 0 0 0 0 0 0 0 0 0 0 0 0 0 0 0 0 0 0 0 0 0 0 0 0 
0 0 0 0 0 0 0 0 0 0 0 0 0 0 0 0 0 0 3 1 0 4 204 32 1 0 0 0 0 0 0 0 0 0 0 0 0 0 0 0 0 0 0 0 0 0 0 0 0 0 0 0 0 0 0 0 0 0 0 0 0 0 0 0 0 0 0 0 0 0 0 0 0 0 0 0 0 0 0 0 0 0 0 0 0 0 0 0 0 0 
0 0 0 0 0 0 0 0 0 0 0 0 0 0 0 0 0 0 2 1 0 1 249 29 0 0 0 0 0 0 0 0 0 0 0 0 0 0 0 0 0 0 0 0 0 0 0 0 0 0 0 0 0 0 0 0 0 0 0 0 0 0 0 0 0 0 0 0 0 0 0 0 0 0 0 0 0 0 0 0 0 0 0 0 0 0 0 0 0 0 
0 0 0 0 0 0 0 0 0 0 0 0 0 0 0 0 0 0 1 2 0 5 232 18 4 1 0 0 0 0 0 0 0 0 0 0 0 0 0 0 0 0 0 0 0 0 0 0 0 0 0 0 0 0 0 0 0 0 0 0 0 0 0 0 0 0 0 0 0 0 0 0 0 0 0 0 0 0 0 0 0 0 0 0 0 0 0 0 0 0 
0 0 0 0 0 0 0 0 0 0 0 0 0 0 0 0 0 0 0 0 1 4 264 17 1 0 0 0 0 0 0 0 0 0 0 0 0 0 0 0 0 0 0 0 0 0 0 0 0 0 0 0 0 0 0 0 0 0 0 0 0 0 0 0 0 0 0 0 0 0 0 0 0 0 0 0 0 0 0 0 0 0 0 0 0 0 0 0 0 0 
0 0 0 0 0 0 0 0 0 0 0 0 0 0 0 0 0 0 0 1 1 4 266 20 0 0 0 1 0 0 0 0 0 0 0 0 0 0 0 0 0 0 0 0 0 0 0 0 0 0 0 0 0 0 0 0 0 0 0 0 0 0 0 0 0 0 0 0 0 0 0 0 0 0 0 0 0 0 0 0 0 0 0 0 0 0 0 0 0 0 
0 0 0 0 0 0 0 0 0 0 0 0 0 0 0 1 0 0 0 0 1 4 271 10 2 2 0 1 0 0 0 0 0 0 0 0 0 0 0 0 0 0 0 0 0 0 0 0 0 0 0 0 0 0 0 0 0 0 0 0 0 0 0 0 0 0 0 0 0 0 0 0 0 0 0 0 0 0 0 0 0 0 0 0 0 0 0 0 0 0 
0 0 0 0 0 0 0 0 0 0 0 0 0 0 0 0 0 0 1 0 3 4 264 16 1 0 0 0 0 0 0 0 0 0 0 0 0 0 0 0 0 0 0 0 0 0 0 0 0 0 0 0 0 0 0 0 0 0 0 0 0 0 0 0 0 0 0 0 0 0 0 0 0 0 0 0 0 0 0 0 0 0 0 0 0 0 0 0 0 0 
0 0 0 0 0 0 0 0 0 0 0 0 0 0 0 0 0 0 1 0 0 3 284 5 1 0 0 0 0 0 0 0 0 0 0 0 0 0 0 0 0 0 0 0 0 0 0 0 0 0 0 0 0 0 0 0 0 0 0 0 0 0 0 0 0 0 0 0 0 0 0 0 0 0 0 0 0 0 0 0 0 0 0 0 0 0 0 0 0 0 
0 0 0 0 0 0 0 0 0 0 0 0 0 0 0 0 0 0 0 0 1 3 289 12 2 1 0 0 0 0 0 0 0 0 0 0 0 0 0 0 0 0 0 0 0 0 0 0 0 0 0 0 0 0 0 0 0 0 0 0 0 0 0 0 0 0 0 0 0 0 0 0 0 0 0 0 0 0 0 0 0 0 0 0 0 0 0 0 0 0 
0 0 0 0 0 0 0 0 0 0 0 0 0 0 0 0 0 1 0 0 2 4 279 12 3 0 0 0 1 0 0 0 0 0 0 0 0 0 0 0 0 0 0 0 0 0 0 0 0 0 0 0 0 0 0 0 0 0 0 0 0 0 0 0 0 0 0 0 0 0 0 0 0 0 0 0 0 0 0 0 0 0 0 0 0 0 0 0 0 0 
0 0 0 0 0 0 0 0 0 0 0 0 0 0 0 0 0 0 1 0 2 8 302 11 1 3 0 0 0 0 0 0 0 0 0 0 0 0 0 0 0 0 0 0 0 0 0 0 0 0 0 0 0 0 0 0 0 0 0 0 0 0 0 0 0 0 0 0 0 0 0 0 0 0 0 0 0 0 0 0 0 0 0 0 0 0 0 0 0 0 
0 0 0 0 0 0 0 0 0 0 0 0 0 0 0 0 1 0 0 1 0 4 292 4 3 0 1 0 0 0 0 0 0 0 0 0 0 0 0 0 0 0 0 0 0 0 0 0 0 0 0 0 0 0 0 0 0 0 0 0 0 0 0 0 0 0 0 0 0 0 0 0 0 0 0 0 0 0 0 0 0 0 0 0 0 0 0 0 0 0 
0 0 0 0 0 0 0 0 0 0 0 0 0 0 0 0 0 1 0 1 2 9 300 7 1 1 1 1 0 0 0 0 0 0 0 0 0 0 0 0 0 0 0 0 0 0 0 0 0 0 0 0 0 0 0 0 0 0 0 0 0 0 0 0 0 0 0 0 0 0 0 0 0 0 0 0 0 0 0 0 0 0 0 0 0 0 0 0 0 0 
0 0 0 0 0 0 0 0 0 0 0 0 0 0 0 0 0 0 1 0 2 5 337 7 2 1 1 0 0 0 0 0 0 0 0 0 0 0 0 0 0 0 0 0 0 0 0 0 0 0 0 0 0 0 0 0 0 0 0 0 0 0 0 0 0 0 0 0 0 0 0 0 0 0 0 0 0 0 0 0 0 0 0 0 0 0 0 0 0 0 
0 0 0 0 0 0 0 0 0 0 0 0 0 0 0 0 0 0 0 1 2 4 315 9 3 0 0 0 0 0 0 0 0 0 0 0 0 0 0 0 0 0 0 0 0 0 0 0 0 0 0 0 0 0 0 0 0 0 0 0 0 0 0 0 0 0 0 0 0 0 0 0 0 0 0 0 0 0 0 0 0 0 0 0 0 0 0 0 0 0 
0 0 0 0 0 0 0 0 0 0 0 0 0 0 0 0 0 0 0 1 1 6 324 6 1 0 0 0 0 0 0 0 0 0 0 0 0 0 0 0 0 0 0 0 0 0 0 0 0 0 0 0 0 0 0 0 0 0 0 0 0 0 0 0 0 0 0 0 0 0 0 0 0 0 0 0 0 0 0 0 0 0 0 0 0 0 0 0 0 0 
0 0 0 0 0 0 0 0 0 0 0 0 0 0 0 0 0 0 1 0 2 4 339 7 2 1 0 0 0 0 0 0 0 0 0 0 0 0 0 0 0 0 0 0 0 0 0 0 0 0 0 0 0 0 0 0 0 0 0 0 0 0 0 0 0 0 0 0 0 0 0 0 0 0 0 0 0 0 0 0 0 0 0 0 0 0 0 0 0 0 
0 0 0 0 0 0 0 0 0 0 0 0 0 0 0 0 0 0 1 0 0 9 339 2 3 0 1 0 0 0 0 0 0 0 0 0 0 0 0 0 0 0 0 0 0 0 0 0 0 0 0 0 0 0 0 0 0 0 0 0 0 0 0 0 0 0 0 0 0 0 0 0 0 0 0 0 0 0 0 0 0 0 0 0 0 0 0 0 0 0 
0 0 0 0 0 0 0 0 0 0 0 0 0 0 0 0 0 0 0 0 1 3 299 4 1 1 0 0 0 0 0 0 0 0 0 0 0 0 0 0 0 0 0 0 0 0 0 0 0 0 0 0 0 0 0 0 0 0 0 0 0 0 0 0 0 0 0 0 0 0 0 0 0 0 0 0 0 0 0 0 0 0 0 0 0 0 0 0 0 0 
0 0 0 0 0 0 0 0 0 0 0 0 0 0 0 0 0 0 0 2 0 5 326 2 1 0 0 0 0 0 0 0 0 0 0 0 0 0 0 0 0 0 0 0 0 0 0 0 0 0 0 0 0 0 0 0 0 0 0 0 0 0 0 0 0 0 0 0 0 0 0 0 0 0 0 0 0 0 0 0 0 0 0 0 0 0 0 0 0 0 
0 0 0 0 0 0 0 0 0 0 0 0 0 0 0 0 0 1 0 0 0 2 341 8 0 0 0 0 0 0 0 0 0 0 0 0 0 0 0 0 0 0 0 0 0 0 0 0 0 0 0 0 0 0 0 0 0 0 0 0 0 0 0 0 0 0 0 0 0 0 0 0 0 0 0 0 0 0 0 0 0 0 0 0 0 0 0 0 0 0 
0 0 0 0 0 0 0 0 0 0 0 0 0 0 1 0 0 0 0 0 1 6 358 10 4 1 0 0 0 0 0 0 0 0 0 0 0 0 0 0 0 0 0 0 0 0 0 0 0 0 0 0 0 0 0 0 0 0 0 0 0 0 0 0 0 0 0 0 0 0 0 0 0 0 0 0 0 0 0 0 0 0 0 0 0 0 0 0 0 0 
0 0 0 0 0 0 0 0 0 0 0 0 0 0 0 0 1 0 0 0 2 5 355 7 1 0 0 1 0 0 0 0 0 0 0 0 0 0 0 0 0 0 0 0 0 0 0 0 0 0 0 0 0 0 0 0 0 0 0 0 0 0 0 0 0 0 0 0 0 0 0 0 0 0 0 0 0 0 0 0 0 0 0 0 0 0 0 0 0 0 
0 0 0 0 0 0 0 0 0 0 0 0 0 0 0 0 0 1 0 0 1 4 337 9 0 1 0 0 0 0 0 0 0 0 0 0 0 0 0 0 0 0 0 0 0 0 0 0 0 0 0 0 0 0 0 0 0 0 0 0 0 0 0 0 0 0 0 0 0 0 0 0 0 0 0 0 0 0 0 0 0 0 0 0 0 0 0 0 0 0 
0 0 0 0 0 0 0 0 0 0 0 0 0 0 0 0 0 0 0 0 3 4 324 8 1 1 0 0 0 0 0 0 0 0 0 0 0 0 0 0 0 0 0 0 0 0 0 0 0 0 0 0 0 0 0 0 0 0 0 0 0 0 0 0 0 0 0 0 0 0 0 0 0 0 0 0 0 0 0 0 0 0 0 0 0 0 0 0 0 0 
0 0 0 0 0 0 0 0 0 0 0 0 0 0 0 0 0 0 0 0 1 4 311 7 3 1 0 0 0 0 0 0 0 0 0 0 0 0 0 0 0 0 0 0 0 0 0 0 0 0 0 0 0 0 0 0 0 0 0 0 0 0 0 0 0 0 0 0 0 0 0 0 0 0 0 0 0 0 0 0 0 0 0 0 0 0 0 0 0 0 
0 0 0 0 0 0 0 0 0 0 0 0 0 0 0 0 0 0 0 0 2 7 328 3 2 0 0 0 0 0 0 0 0 0 0 0 0 0 0 0 0 0 0 0 0 0 0 0 0 0 0 0 0 0 0 0 0 0 0 0 0 0 0 0 0 0 0 0 0 0 0 0 0 0 0 0 0 0 0 0 0 0 0 0 0 0 0 0 0 0 
0 0 0 0 0 0 0 0 0 0 0 0 0 0 0 0 0 0 1 1 2 4 299 7 4 1 0 0 0 0 0 0 0 0 0 0 0 0 0 0 0 0 0 0 0 0 0 0 0 0 0 0 0 0 0 0 0 0 0 0 0 0 0 0 0 0 0 0 0 0 0 0 0 0 0 0 0 0 0 0 0 0 0 0 0 0 0 0 0 0 
0 0 0 0 0 0 0 0 0 0 0 0 0 0 0 0 0 0 0 0 4 5 315 7 3 0 0 0 0 0 0 0 0 0 0 0 0 0 0 0 0 0 0 0 0 0 0 0 0 0 0 0 0 0 0 0 0 0 0 0 0 0 0 0 0 0 0 0 0 0 0 0 0 0 0 0 0 0 0 0 0 0 0 0 0 0 0 0 0 0 
0 0 0 0 0 0 0 0 0 0 0 0 0 0 0 0 0 0 1 0 1 6 351 6 2 2 0 0 0 0 0 0 0 0 0 0 0 0 0 0 0 0 0 0 0 0 0 0 0 0 0 0 0 0 0 0 0 0 0 0 0 0 0 0 0 0 0 0 0 0 0 0 0 0 0 0 0 0 0 0 0 0 0 0 0 0 0 0 0 0 
0 0 0 0 0 0 0 0 0 0 0 0 0 0 0 0 0 0 1 0 3 6 345 8 2 0 1 1 0 0 0 0 0 0 0 0 0 0 0 0 0 0 0 0 0 0 0 0 0 0 0 0 0 0 0 0 0 0 0 0 0 0 0 0 0 0 0 0 0 0 0 0 0 0 0 0 0 0 0 0 0 0 0 0 0 0 0 0 0 0 
0 0 0 0 0 0 0 0 0 0 0 0 0 0 0 0 0 0 0 0 4 6 304 9 2 2 0 0 0 0 0 0 0 0 0 0 0 0 0 0 0 0 0 0 0 0 0 0 0 0 0 0 0 0 0 0 0 0 0 0 0 0 0 0 0 0 0 0 0 0 0 0 0 0 0 0 0 0 0 0 0 0 0 0 0 0 0 0 0 0 
0 0 0 0 0 0 0 0 0 0 0 0 0 0 0 0 0 0 8 25 49 46 333 29 24 20 11 0 0 0 0 0 0 0 0 0 0 0 0 0 0 0 0 0 0 0 0 0 0 0 0 0 0 0 0 0 0 0 0 0 0 0 0 0 0 0 0 0 0 0 0 0 0 0 0 0 0 0 0 0 0 0 0 0 0 0 0 0 0 0 
0 0 0 0 0 0 0 0 0 0 0 0 0 0 0 0 2 31 112 167 138 110 347 84 104 89 58 12 3 0 0 0 0 0 0 0 0 0 0 0 0 0 0 0 0 0 0 0 0 0 0 0 0 0 0 0 0 0 0 0 0 0 0 0 0 0 0 0 0 0 0 0 0 0 0 0 0 0 0 0 0 0 0 0 0 0 0 0 0 0 
0 0 0 0 0 0 0 0 0 0 0 0 0 0 0 6 58 173 266 315 276 215 390 192 196 203 189 117 38 3 0 0 0 0 0 0 0 0 0 0 0 0 0 0 0 0 0 0 0 0 0 0 0 0 0 0 0 0 0 0 0 0 0 0 0 0 0 0 0 0 0 0 0 0 0 0 0 0 0 0 0 0 0 0 0 0 0 0 0 0 
0 0 0 0 0 0 0 0 0 0 0 0 0 0 3 69 236 411 530 603 486 364 521 311 330 436 347 264 138 47 4 0 0 0 0 0 0 0 0 0 0 0 0 0 0 0 0 0 0 0 0 0 0 0 0 0 0 0 0 0 0 0 0 0 0 0 0 0 0 0 0 0 0 0 0 0 0 0 0 0 0 0 0 0 0 0 0 0 0 0 
0 0 0 0 0 0 0 0 0 0 0 0 0 1 45 267 536 743 939 937 893 608 647 472 567 625 606 520 350 157 33 1 0 0 0 0 0 0 0 0 0 0 0 0 0 0 0 0 0 0 0 0 0 0 0 0 0 0 0 0 0 0 0 0 0 0 0 0 0 0 0 0 0 0 0 0 0 0 0 0 0 0 0 0 0 0 0 0 0 0 
0 0 0 0 0 0 0 0 0 0 0 0 0 30 249 498 914 1244 1518 1539 1354 897 856 748 942 1077 977 828 584 371 138 21 0 0 0 0 0 0 0 0 0 0 0 0 0 0 0 0 0 0 0 0 0 0 0 0 0 0 0 0 0 0 0 0 0 0 0 0 0 0 0 0 0 0 0 0 0 0 0 0 0 0 0 0 0 0 0 0 0 0 
0 0 0 0 0 0 0 0 0 0 0 0 9 142 458 933 1436 2048 2394 2490 2135 1583 1310 1165 1523 1633 1573 1242 881 584 285 97 6 0 0 0 0 0 0 0 0 0 0 0 0 0 0 0 0 0 0 0 0 0 0 0 0 0 0 0 0 0 0 0 0 0 0 0 0 0 0 0 0 0 0 0 0 0 0 0 0 0 0 0 0 0 0 0 0 0 
0 0 0 0 0 0 0 0 0 0 0 0 67 342 786 1374 2152 3071 3698 3850 3369 2393 1892 1963 2394 2509 2285 1818 1325 929 489 202 40 0 0 0 0 0 0 0 0 0 0 0 0 0 0 0 0 0 0 0 0 0 0 0 0 0 0 0 0 0 0 0 0 0 0 0 0 0 0 0 0 0 0 0 0 0 0 0 0 0 0 0 0 0 0 0 0 0 
0 0 0 0 0 0 0 0 0 0 0 19 192 614 1125 2065 3243 4534 5347 5690 5114 3657 3048 3228 3607 3623 3264 2570 1921 1316 748 424 140 13 0 0 0 0 0 0 0 0 0 0 0 0 0 0 0 0 0 0 0 0 0 0 0 0 0 0 0 0 0 0 0 0 0 0 0 0 0 0 0 0 0 0 0 0 0 0 0 0 0 0 0 0 0 0 0 0 
0 0 0 0 0 0 0 0 0 0 0 95 421 897 1680 2884 4627 6409 7924 8485 7873 6261 5353 5566 5900 5502 4832 3765 2645 1665 1061 638 290 64 1 0 0 0 0 0 0 0 0 0 0 0 0 0 0 0 0 0 0 0 0 0 0 0 0 0 0 0 0 0 0 0 0 0 0 0 0 0 0 0 0 0 0 0 0 0 0 0 0 0 0 0 0 0 0 0 
0 0 0 0 0 0 0 0 0 0 18 243 612 1247 2187 3877 6218 8860 10633 11785 11916 10146 10254 10076 9295 8109 6855 5172 3436 2208 1491 843 406 144 14 0 0 0 0 0 0 0 0 0 0 0 0 0 0 0 0 0 0 0 0 0 0 0 0 0 0 0 0 0 0 0 0 0 0 0 0 0 0 0 0 0 0 0 0 0 0 0 0 0 0 0 0 0 0 0 
0 0 0 0 0 0 0 0 0 1 116 395 881 1642 2875 4757 7743 10729 12895 15255 17066 17949 22846 20785 14925 12022 9743 7202 4465 2957 1914 1120 580 265 82 1 0 0 0 0 0 0 0 0 0 0 0 0 0 0 0 0 0 0 0 0 0 0 0 0 0 0 0 0 0 0 0 0 0 0 0 0 0 0 0 0 0 0 0 0 0 0 0 0 0 0 0 0 0 0 
0 0 0 0 0 0 0 0 0 16 228 554 1149 2046 3618 6045 9285 11994 14904 18680 24344 35372 59572 49500 24753 16255 12489 9388 6023 3711 2211 1461 793 381 145 19 0 0 0 0 0 0 0 0 0 0 0 0 0 0 0 0 0 0 0 0 0 0 0 0 0 0 0 0 0 0 0 0 0 0 0 0 0 0 0 0 0 0 0 0 0 0 0 0 0 0 0 0 0 0 
0 0 0 0 0 0 0 0 2 101 366 802 1476 2471 4393 6887 10423 13185 17450 22776 35134 82064 211477 159289 45251 20681 14113 10702 7070 4371 2741 1683 975 513 257 69 3 0 0 0 0 0 0 0 0 0 0 0 0 0 0 0 0 0 0 0 0 0 0 0 0 0 0 0 0 0 0 0 0 0 0 0 0 0 0 0 0 0 0 0 0 0 0 0 0 0 0 0 0 0 
0 0 0 0 0 0 0 0 21 195 514 980 1846 3018 5084 7819 11155 14557 19278 27212 53028 266529 1217493 807369 102597 26864 15994 11673 8380 5122 3081 1940 1242 701 331 138 18 0 0 0 0 0 0 0 0 0 0 0 0 0 0 0 0 0 0 0 0 0 0 0 0 0 0 0 0 0 0 0 0 0 0 0 0 0 0 0 0 0 0 0 0 0 0 0 0 0 0 0 0 0 
0 0 0 0 0 0 0 1 72 330 619 1210 2012 3473 5700 8756 11692 15069 20536 30631 78692 1603361 14492195 7163187 253544 35116 17797 12259 9085 5657 3421 2213 1455 844 425 201 54 2 0 0 0 0 0 0 0 0 0 0 0 0 0 0 0 0 0 0 0 0 0 0 0 0 0 0 0 0 0 0 0 0 0 0 0 0 0 0 0 0 0 0 0 0 0 0 0 0 0 0 0 0 
0 0 0 0 0 0 0 19 155 423 792 1447 2445 4027 6279 9225 11887 15674 20689 32219 95270 4240457 31682995 18255481 444594 40453 17926 12636 9325 6197 3855 2405 1530 919 554 294 105 16 0 0 0 0 0 0 0 0 0 0 0 0 0 0 0 0 0 0 0 0 0 0 0 0 0 0 0 0 0 0 0 0 0 0 0 0 0 0 0 0 0 0 0 0 0 0 0 0 0 0 0 0 
0 0 0 0 0 0 2 55 240 518 905 1548 2796 4365 6596 9116 11662 14985 19879 29878 84148 4192876 28053794 16589050 408599 37062 17069 12226 9486 6665 4104 2508 1652 1097 622 334 166 35 2 0 0 0 0 0 0 0 0 0 0 0 0 0 0 0 0 0 0 0 0 0 0 0 0 0 0 0 0 0 0 0 0 0 0 0 0 0 0 0 0 0 0 0 0 0 0 0 0 0 0 0 
0 0 0 0 0 0 6 103 320 596 1115 1775 2958 4558 6735 8866 11065 14302 17997 25401 52624 1150340 7161343 3395340 155550 26811 15346 11536 8633 6497 4102 2605 1675 1086 679 403 166 58 4 0 0 0 0 0 0 0 0 0 0 0 0 0 0 0 0 0 0 0 0 0 0 0 0 0 0 0 0 0 0 0 0 0 0 0 0 0 0 0 0 0 0 0 0 0 0 0 0 0 0 0 
0 0 0 0 0 0 39 152 323 630 1148 1859 2810 4504 6419 8154 10063 12316 15219 19462 29299 129880 410197 264847 45353 18656 13003 10014 8081 5969 3813 2459 1660 1156 663 424 224 76 26 0 0 0 0 0 0 0 0 0 0 0 0 0 0 0 0 0 0 0 0 0 0 0 0 0 0 0 0 0 0 0 0 0 0 0 0 0 0 0 0 0 0 0 0 0 0 0 0 0 0 0 
0 0 0 0 0 4 64 209 390 648 1183 1764 2690 4075 5625 7029 8834 10517 12351 14475 18237 35992 62576 47350 20558 13039 10179 8327 6414 4977 3397 2279 1571 1074 724 445 238 133 38 2 0 0 0 0 0 0 0 0 0 0 0 0 0 0 0 0 0 0 0 0 0 0 0 0 0 0 0 0 0 0 0 0 0 0 0 0 0 0 0 0 0 0 0 0 0 0 0 0 0 0 
0 0 0 0 0 14 98 240 402 695 1040 1597 2385 3325 4512 5910 7094 8362 9586 10688 11805 15798 20067 16470 11175 8616 7438 6064 4858 3758 2596 2016 1401 869 679 390 241 143 43 8 0 0 0 0 0 0 0 0 0 0 0 0 0 0 0 0 0 0 0 0 0 0 0 0 0 0 0 0 0 0 0 0 0 0 0 0 0 0 0 0 0 0 0 0 0 0 0 0 0 0 
0 0 0 0 1 25 104 230 344 658 929 1364 1888 2571 3450 4181 5149 6032 6760 6876 7140 7778 8676 7518 6173 5420 4841 4099 3422 2733 2068 1581 1103 838 557 366 221 153 65 17 3 0 0 0 0 0 0 0 0 0 0 0 0 0 0 0 0 0 0 0 0 0 0 0 0 0 0 0 0 0 0 0 0 0 0 0 0 0 0 0 0 0 0 0 0 0 0 0 0 0 
0 0 0 0 6 49 96 194 358 471 764 1086 1468 1924 2377 2946 3405 3832 4130 4109 4116 3891 4149 3604 3433 3086 2853 2627 2243 1886 1525 1173 892 658 453 332 197 107 65 25 1 0 0 0 0 0 0 0 0 0 0 0 0 0 0 0 0 0 0 0 0 0 0 0 0 0 0 0 0 0 0 0 0 0 0 0 0 0 0 0 0 0 0 0 0 0 0 0 0 0 
0 0 0 0 13 52 89 189 279 431 568 802 1072 1340 1559 1893 2078 2368 2384 2435 2332 2094 1985 1844 1822 1771 1722 1624 1380 1217 1010 791 616 519 353 238 166 114 61 29 6 0 0 0 0 0 0 0 0 0 0 0 0 0 0 0 0 0 0 0 0 0 0 0 0 0 0 0 0 0 0 0 0 0 0 0 0 0 0 0 0 0 0 0 0 0 0 0 0 0 
0 0 0 0 15 40 92 168 213 316 390 536 643 840 1017 1115 1264 1311 1300 1270 1222 1080 989 880 955 1016 953 972 795 775 637 535 465 355 279 200 145 86 62 30 8 1 0 0 0 0 0 0 0 0 0 0 0 0 0 0 0 0 0 0 0 0 0 0 0 0 0 0 0 0 0 0 0 0 0 0 0 0 0 0 0 0 0 0 0 0 0 0 0 0 
0 0 0 4 12 48 71 111 145 196 300 346 423 515 607 669 702 751 710 698 601 549 524 421 457 485 548 464 472 454 377 313 275 223 160 135 111 64 46 25 9 1 0 0 0 0 0 0 0 0 0 0 0 0 0 0 0 0 0 0 0 0 0 0 0 0 0 0 0 0 0 0 0 0 0 0 0 0 0 0 0 0 0 0 0 0 0 0 0 0 
0 0 0 1 18 24 56 85 106 142 182 206 264 324 345 313 371 385 371 344 293 263 269 238 247 243 261 266 268 229 233 198 156 133 112 103 67 41 32 23 10 1 0 0 0 0 0 0 0 0 0 0 0 0 0 0 0 0 0 0 0 0 0 0 0 0 0 0 0 0 0 0 0 0 0 0 0 0 0 0 0 0 0 0 0 0 0 0 0 0 
0 0 0 10 13 26 40 46 58 101 104 135 159 170 168 189 190 175 149 160 150 130 124 125 113 135 148 134 135 117 112 115 76 74 64 61 41 36 27 12 13 1 1 0 0 0 0 0 0 0 0 0 0 0 0 0 0 0 0 0 0 0 0 0 0 0 0 0 0 0 0 0 0 0 0 0 0 0 0 0 0 0 0 0 0 0 0 0 0 0 
0 0 0 3 9 16 24 37 40 42 46 65 89 78 89 109 98 84 70 88 82 50 65 55 46 65 77 67 56 60 58 54 52 50 38 31 29 24 18 8 2 0 0 1 0 0 0 0 0 0 0 0 0 0 0 0 0 0 0 0 0 0 0 0 0 0 0 0 0 0 0 0 0 0 0 0 0 0 0 0 0 0 0 0 0 0 0 0 0 0 
0 0 0 1 4 14 11 15 11 19 27 27 34 43 36 41 38 45 37 33 26 25 38 27 18 24 26 33 31 23 31 27 19 22 13 21 17 10 11 7 3 3 0 0 0 0 0 0 0 0 0 0 0 0 0 0 0 0 0 0 0 0 0 0 0 0 0 0 0 0 0 0 0 0 0 0 0 0 0 0 0 0 0 0 0 0 0 0 0 0 
0 0 0 0 0 2 5 9 8 7 11 19 15 13 22 15 8 15 11 8 13 11 12 7 19 8 12 11 10 13 12 20 9 8 8 7 6 3 4 2 2 0 0 0 0 0 0 0 0 0 0 0 0 0 0 0 0 0 0 0 0 0 0 0 0 0 0 0 0 0 0 0 0 0 0 0 0 0 0 0 0 0 0 0 0 0 0 0 0 0 
0 0 0 0 0 0 0 2 3 2 3 0 6 2 1 2 5 9 2 9 4 2 4 3 2 3 2 6 3 4 6 3 2 1 1 2 0 1 1 0 1 0 0 0 0 0 0 0 0 0 0 0 0 0 0 0 0 0 0 0 0 0 0 0 0 0 0 0 0 0 0 0 0 0 0 0 0 0 0 0 0 0 0 0 0 0 0 0 0 0 
0 0 0 0 0 0 0 0 0 1 1 0 0 1 0 0 0 0 1 0 1 2 1 0 0 1 0 1 0 0 0 0 0 0 0 0 0 0 0 0 0 0 0 0 0 0 0 0 0 0 0 0 0 0 0 0 0 0 0 0 0 0 0 0 0 0 0 0 0 0 0 0 0 0 0 0 0 0 0 0 0 0 0 0 0 0 0 0 0 0 
