# Format: McCode with text headers
# URL: http://www.mccode.org
# Creator:  3.99.99, git
# Instrument: ODIN_MCPL_baseline.instr
# Ncount: 12787302
# Trace: no
# Gravitation: no
# Seed: 1000
# Directory: Filterscan/0
# Nodes: 12
# Param: l_min=1
# Param: l_max=11
# Param: n_pulses=1
# Param: wfm_delta=0.3
# Param: bp_frequency=7
# Param: WFM1_phase_offset=0
# Param: jitter_wfmc_1=0
# Param: WFM2_phase_offset=0
# Param: jitter_wfmc_2=0
# Param: fo1_phase_offset=0
# Param: jitter_fo_chopper_1=0
# Param: bp1_phase_offset=0
# Param: jitter_bp1=0
# Param: fo2_phase_offset=0
# Param: jitter_fo_chopper_2=0
# Param: bp2_phase_offset=0
# Param: jitter_bp2=0
# Param: t0_phase_offset=0
# Param: jit_t0_sec=0
# Param: fo3_phase_offset=0
# Param: jitter_fo_chopper_3=0
# Param: fo4_phase_offset=0
# Param: jitter_fo_chopper_4=0
# Param: fo5_phase_offset=0
# Param: jitter_fo_chopper_5=0
# Param: choppers=2
# Param: repeat=1
# Param: v_smear=0.1
# Param: pos_smear=0.01
# Param: dir_smear=0.01
# Param: filter=0
# Date: Sun Mar  1 17:29:20 2026 (1772382560)
# type: array_1d(300)
# Source: ODIN_MCPL_baseline (ODIN_MCPL_baseline.instr)
# component: profile_y
# position: 49.4198 0 -35.0741
# title: y [m] monitor
# Ncount: 153447624
# filename: profile_y.dat
# statistics: X0=0.00896999; dX=0.0763887;
# signal: Min=9.00103e-12; Max=1.0117e+08; Mean=8.87464e+06;
# values: 2.66239e+09 2.63647e+08 2313
# xvar: y
# yvar: (I,I_err)
# xlabel: y [m]
# ylabel: Intensity [n/s/bin]
# xlimits: -0.15 0.15
# variables: y I I_err N
-0.1495 352515.7757 376610.2093 7 
-0.1485 3.086650936e-07 3.335915225e-07 5 
-0.1475 4.243285709e-07 4.648286585e-07 5 
-0.1465 343860.0427 376679.8034 5 
-0.1455 976233.7663 1027519.388 9 
-0.1445 8.812457519e-05 9.85262703e-05 4 
-0.1435 16.32560706 18.85118726 3 
-0.1425 1423086.798 1558376.621 5 
-0.1415 0.08214669935 0.0865592979 9 
-0.1405 2340354.39 2422309.792 14 
-0.1395 16362.30548 17247.38154 9 
-0.1385 19297598.74 20843504.25 6 
-0.1375 21157782.32 25912885.39 2 
-0.1365 0.0597089008 0.06293747002 9 
-0.1355 10156427.63 7823848.609 5 
-0.1345 5055800.034 5279306.306 11 
-0.1335 8455865.565 9453222.866 4 
-0.1325 4563048.243 4809845.365 8 
-0.1315 15573.09953 17411.25458 4 
-0.1305 0.03457485328 0.03696192874 7 
-0.1295 7432581.58 7834147.103 9 
-0.1285 10307141.04 11008855.05 7 
-0.1275 100319.1714 112137.2737 4 
-0.1265 20409854.11 22818910.6 4 
-0.1255 2835768.513 3170485.568 4 
-0.1245 1635225.016 1723678.488 9 
-0.1235 5999909.884 4132074.336 6 
-0.1225 5.420043105e-08 4.440965277e-08 5 
-0.1215 10.46312297 9.840422451 8 
-0.1205 2555168.29 2722049.608 7 
-0.1195 1662.548739 1795.757631 6 
-0.1185 388.8690477 448.9487499 3 
-0.1175 7100515.549 5872343.168 12 
-0.1165 82.86447856 95.683658 3 
-0.1155 115017.3122 123117.8985 5 
-0.1145 2840991.488 2958359.224 7 
-0.1135 15592442.03 19092979.28 2 
-0.1125 48.87188106 35.08983164 11 
-0.1115 13400008.63 13250517.18 4 
-0.1105 26223907.66 22191656.51 7 
-0.1095 36507511.05 39028169.19 7 
-0.1085 2989560.696 2426270.287 7 
-0.1075 30963998.23 25437875.16 11 
-0.1065 37183.16385 39324.24811 8 
-0.1055 0.0008998145768 0.0009345779634 8 
-0.1045 12940625.32 9300336.201 8 
-0.1035 382723.8584 363122.3332 15 
-0.1025 0.008723504465 0.009422454711 6 
-0.1015 17631537.37 18847492.58 5 
-0.1005 457921.6547 443598.2606 12 
-0.0995 26429881.93 27704990.51 10 
-0.0985 6072303.585 6374716.872 9 
-0.0975 21911458.44 20950299.26 4 
-0.0965 8777.997742 9379.395666 7 
-0.0955 8373.470443 8740.931102 10 
-0.0945 35915898.56 30555025.79 7 
-0.0935 3.547334185e-05 3.885831752e-05 5 
-0.0925 7452165.599 8189987.56 4 
-0.0915 378999.6816 397436.2843 10 
-0.0905 6190373.231 6565877.64 8 
-0.0895 661.8687176 645.151964 8 
-0.0885 45.58989208 49.21759684 6 
-0.0875 150918.1131 168206.2481 4 
-0.0865 6610845.066 5794363.114 12 
-0.0855 1.490499659 1.632752272 5 
-0.0845 35694132.72 28845792.67 10 
-0.0835 0.001338464124 0.001133969845 4 
-0.0825 1377117.772 1061137.636 7 
-0.0815 1931110.343 1452420.369 9 
-0.0805 7520756.313 8039670.786 7 
-0.0795 9213.2133 7308.139275 10 
-0.0785 2777576.448 3105412.925 4 
-0.0775 71622.11664 74067.17513 10 
-0.0765 5526134.123 5833616.396 8 
-0.0755 19362960.96 17911539.88 7 
-0.0745 1717059.396 1301047.652 9 
-0.0735 2172259.305 2322241.994 7 
-0.0725 28.99636334 25.15529201 8 
-0.0715 118162.6346 132103.3639 4 
-0.0705 17.13029996 18.50127069 6 
-0.0695 296.6402694 311.1183038 10 
-0.0685 24594121.34 24519161.25 6 
-0.0675 5906469.894 6310737.291 7 
-0.0665 0.001365933646 0.001424310475 7 
-0.0655 15505072.79 12756299.18 6 
-0.0645 48357508.4 29156989.98 10 
-0.0635 57850.7826 60828.88648 7 
-0.0625 0.000845405191 0.0008695672888 10 
-0.0615 10148.6954 10947.31427 6 
-0.0605 208241.955 163149.3252 12 
-0.0595 94045.64874 68725.70218 10 
-0.0585 3914963.246 4794831.157 2 
-0.0575 23233064.16 17450272.34 8 
-0.0565 11696691.44 8873276.485 10 
-0.0555 5250329.214 5561141.913 8 
-0.0545 3762657.762 3711894.205 7 
-0.0535 142308.664 135698.2658 8 
-0.0525 253.4702742 292.6822614 3 
-0.0515 486295.1215 525258.7367 6 
-0.0505 517635.611 457839.7347 11 
-0.0495 5292271.7 4854593.448 7 
-0.0485 29808335.44 28829017.06 10 
-0.0475 18713283.83 13950329.52 8 
-0.0465 98375.11956 93791.86198 10 
-0.0455 18105354.74 14644926.77 4 
-0.0445 8464596.93 6494613.782 8 
-0.0435 1626564.128 1463094.37 6 
-0.0425 3.583534384e-09 3.561902989e-09 6 
-0.0415 77520693 57129953.48 13 
-0.0405 43652386.8 44758684.47 9 
-0.0395 4883603.102 5343279.155 5 
-0.0385 0.002638582572 0.002914608694 4 
-0.0375 10536488.1 9701105.813 12 
-0.0365 932231.6331 982266.1422 9 
-0.0355 37443.56202 40420.76135 6 
-0.0345 191.1522712 190.3679657 10 
-0.0335 9.001033495e-12 9.001033495e-12 1 
-0.0325 517079.6639 545041.2096 9 
-0.0315 0.0009482085948 0.000971854705 5 
-0.0305 19354166.27 20162044.76 9 
-0.0295 22158124.61 23142689.89 11 
-0.0285 2496853.29 2696571.711 6 
-0.0275 2567901.389 2105492.976 11 
-0.0265 5381673.776 3920332.954 13 
-0.0255 28205636.11 23897165.15 7 
-0.0245 27893475.88 29015289.38 11 
-0.0235 61.92209793 66.19750291 7 
-0.0225 1343381.917 1115524.156 8 
-0.0215 0.02183722664 0.01925935551 10 
-0.0205 0.3102220938 0.3042590103 12 
-0.0195 2373076.598 2108846.257 7 
-0.0185 35829.05101 31304.1216 15 
-0.0175 5301335.183 4811204.248 11 
-0.0165 9266268.904 9307833.656 15 
-0.0155 2242536.181 1660057.703 12 
-0.0145 2696530.81 2549836.612 7 
-0.0135 20702807.44 20266117.52 10 
-0.0125 738268.3899 770598.4946 11 
-0.0115 3.565814451 3.807658961 5 
-0.0105 0.1534207656 0.1602511057 9 
-0.0095 20545868.7 18752066.39 12 
-0.0085 51870.31091 55015.5453 8 
-0.0075 5514657.21 3918086.964 13 
-0.0065 2007382.856 2129151.024 8 
-0.0055 24374227.48 24366621.71 8 
-0.0045 205909.2283 152981.6106 9 
-0.0035 29390573.36 25212174.39 6 
-0.0025 883119.6085 917123.7512 12 
-0.0015 27726840.67 30346100.67 5 
-0.0005 34547.66521 36643.31002 8 
0.0005 16390329.61 17213867.27 9 
0.0015 2132007.706 2302831.518 6 
0.0025 8307.161226 8667.937154 9 
0.0035 4445506.322 4625159.491 7 
0.0045 5395608.424 5560556.098 8 
0.0055 2248801.733 2428983.485 6 
0.0065 17845936.12 13483658.91 8 
0.0075 59188843.51 58933423.85 10 
0.0085 9942924.694 9822998.268 17 
0.0095 7713451.7 5823511.258 15 
0.0105 81.34979493 71.18817033 9 
0.0115 646672.8599 691192.6388 7 
0.0125 5147444.531 3834375.665 11 
0.0135 4934174.752 5272214.177 7 
0.0145 8381.470421 8790.460561 10 
0.0155 101170032.8 105730829.1 8 
0.0165 7979977.335 7511414.881 9 
0.0175 28720735.42 18995781.08 11 
0.0185 25943000.75 27694576.53 5 
0.0195 20825341.3 15963169.18 13 
0.0205 16906968.49 10531466.23 15 
0.0215 26537461.61 27184133.96 9 
0.0225 6644745.707 6682009.606 8 
0.0235 13307222.65 10120974.47 14 
0.0245 9353284.513 7761671.451 8 
0.0255 5414866.537 4439622.79 10 
0.0265 320071.4611 335693.4019 10 
0.0275 16946440.33 17990818.74 6 
0.0285 16941526.83 13431545.1 8 
0.0295 10998616.03 7140958.624 12 
0.0305 749201.2611 865091.004 3 
0.0315 1063766.206 1147629.407 6 
0.0325 24680069.76 14340245.61 18 
0.0335 4693811.157 5069895.219 6 
0.0345 8083602.9 5928627.373 14 
0.0355 33265091.52 24358902.88 11 
0.0365 7238527.504 6389689.193 13 
0.0375 28489001.66 25658810.18 7 
0.0385 47660246.81 35790672.23 11 
0.0395 3205623.692 3426955.874 7 
0.0405 1697785.163 1789619.708 9 
0.0415 506268.4947 385577.7569 9 
0.0425 1469531.863 891370.9002 10 
0.0435 5077315.849 5426798.774 7 
0.0445 614729.9164 470456.0687 10 
0.0455 11403977.08 12071626.93 8 
0.0465 1194246.588 1248922.622 9 
0.0475 616458.6817 637235.4477 7 
0.0485 43175263.15 33016583.59 7 
0.0495 7890.599918 6379.237049 7 
0.0505 4274.076505 4778.562803 4 
0.0515 2940821.398 3099897.806 9 
0.0525 8078619.765 8515612.933 9 
0.0535 6398765.676 7009496.57 5 
0.0545 4735130.636 5185578.891 5 
0.0555 77.13661998 58.93596954 4 
0.0565 29974616.66 24102915.21 9 
0.0575 10610938.85 8299317.071 11 
0.0585 6464296.925 7097486.638 4 
0.0595 43634420.6 45296069.33 12 
0.0605 10858.02203 7415.273722 12 
0.0615 11268324.75 11888814.83 7 
0.0625 17762.4004 19453.4658 5 
0.0635 27476.24629 28046.6067 9 
0.0645 29081.34687 21482.2317 13 
0.0655 42529214.15 35426490.54 9 
0.0665 5507599.585 5567673.214 7 
0.0675 199672.6063 211765.8909 8 
0.0685 11447805.91 6907392.569 11 
0.0695 22633269.82 15341505.43 9 
0.0705 19403175.39 11391747.92 14 
0.0715 39092931.46 37961812.82 7 
0.0725 0.004917171671 0.00513207845 7 
0.0735 33.36456489 37.27380347 4 
0.0745 18051595.49 13365089.99 10 
0.0755 77043454.27 81203215.56 9 
0.0765 17440308.73 16609792.45 10 
0.0775 7751063.049 5708899.912 12 
0.0785 59217350.58 44036633.54 8 
0.0795 600060.4979 657328.546 5 
0.0805 0.009538991124 0.01168283046 2 
0.0815 8294147.842 9061318.999 5 
0.0825 1066489.205 1066489.205 1 
0.0835 8236830.145 8167117.416 13 
0.0845 2044804.908 2070529.92 10 
0.0855 2921139.938 3199938.802 5 
0.0865 1.863681073e-07 2.011445585e-07 6 
0.0875 41974669.01 35070911.29 7 
0.0885 5989000.023 4444720.066 13 
0.0895 475548.6576 504395.5209 8 
0.0905 3392.199764 3557.768724 10 
0.0915 16412.72727 17369.32373 8 
0.0925 3693491.456 3948504.734 7 
0.0935 1.448102998e-06 1.589517194e-06 4 
0.0945 18076069.71 19801284.58 5 
0.0955 7146675.252 7640095.338 7 
0.0965 8340.173137 9126.546868 5 
0.0975 2937017.414 3075036.75 9 
0.0985 18778815.9 18194089.76 7 
0.0995 15.43913857 16.67616548 6 
0.1005 30939702.22 33071879.65 7 
0.1015 5.005426206e-11 6.130370074e-11 2 
0.1025 11329.25641 11468.21933 8 
0.1035 5.513399126e-05 5.95487749e-05 6 
0.1045 2.073158181e-05 2.317504903e-05 4 
0.1055 4285785.848 4443183.257 8 
0.1065 3067861.404 3273603.398 5 
0.1075 18612253.03 17560608.66 8 
0.1085 206.4755356 200.3516843 7 
0.1095 3129090.912 2813164.809 12 
0.1105 6137521.688 6629277.674 6 
0.1115 3969263.233 4210031.759 8 
0.1125 13450.76247 14040.87664 7 
0.1135 129332.2064 136175.1041 9 
0.1145 14535.97462 16249.33255 4 
0.1155 14.50536013 15.13064856 8 
0.1165 11631310.16 12433410.05 7 
0.1175 25155246.88 26892089.65 7 
0.1185 96015.28524 76920.07142 10 
0.1195 11168.32238 11431.35126 8 
0.1205 4.660012755 5.707326723 2 
0.1215 4373427.549 3992092.751 6 
0.1225 13690479.59 14630152.68 7 
0.1235 996.2765071 998.0838818 5 
0.1245 1696467.124 1713265.194 13 
0.1255 412643.2419 433696.7939 8 
0.1265 2126605.722 2455589.273 3 
0.1275 0.1237379038 0.1114010382 6 
0.1285 15089.52056 17423.87752 3 
0.1295 2228258.949 2381801.001 7 
0.1305 2.77875119e-08 2.900778961e-08 4 
0.1315 545.7443584 630.1713044 3 
0.1325 93356.56278 99802.36364 7 
0.1335 10285533.44 7863732.219 4 
0.1345 106429.1487 113758.9569 7 
0.1355 742112.6239 765039.0704 7 
0.1365 189544.7718 207635.8435 5 
0.1375 493412.1274 401529.8968 5 
0.1385 41091153.36 42623362.74 12 
0.1395 665864.4511 671617.3165 9 
0.1405 439868.4197 489130.841 4 
0.1415 77051247.53 82371248.42 7 
0.1425 54261729.76 56753359.31 6 
0.1435 0.000158135244 0.0001768005776 4 
0.1445 2110.685789 2270.878308 4 
0.1455 0.001134818902 0.001243123146 5 
0.1465 7103.963287 7942.47241 4 
0.1475 0.009185651249 0.01054830728 3 
0.1485 40489.21255 43283.24044 7 
0.1495 0.3227564464 0.364186981 3 
