# Format: McCode with text headers
# URL: http://www.mccode.org
# Creator:  3.99.99, git
# Instrument: ODIN_MCPL_baseline.instr
# Ncount: 12787302
# Trace: no
# Gravitation: no
# Seed: 1000
# Directory: Filterscan/0
# Nodes: 12
# Param: l_min=1
# Param: l_max=11
# Param: n_pulses=1
# Param: wfm_delta=0.3
# Param: bp_frequency=7
# Param: WFM1_phase_offset=0
# Param: jitter_wfmc_1=0
# Param: WFM2_phase_offset=0
# Param: jitter_wfmc_2=0
# Param: fo1_phase_offset=0
# Param: jitter_fo_chopper_1=0
# Param: bp1_phase_offset=0
# Param: jitter_bp1=0
# Param: fo2_phase_offset=0
# Param: jitter_fo_chopper_2=0
# Param: bp2_phase_offset=0
# Param: jitter_bp2=0
# Param: t0_phase_offset=0
# Param: jit_t0_sec=0
# Param: fo3_phase_offset=0
# Param: jitter_fo_chopper_3=0
# Param: fo4_phase_offset=0
# Param: jitter_fo_chopper_4=0
# Param: fo5_phase_offset=0
# Param: jitter_fo_chopper_5=0
# Param: choppers=2
# Param: repeat=1
# Param: v_smear=0.1
# Param: pos_smear=0.01
# Param: dir_smear=0.01
# Param: filter=0
# Date: Sun Mar  1 17:29:20 2026 (1772382560)
# type: array_1d(300)
# Source: ODIN_MCPL_baseline (ODIN_MCPL_baseline.instr)
# component: profile_x
# position: 49.4198 0 -35.0741
# title: x [m] monitor
# Ncount: 153447624
# filename: profile_x.dat
# statistics: X0=-0.0149376; dX=0.0713873;
# signal: Min=0; Max=1.25915e+08; Mean=8.87464e+06;
# values: 2.66239e+09 2.63647e+08 2313
# xvar: x
# yvar: (I,I_err)
# xlabel: x [m]
# ylabel: Intensity [n/s/bin]
# xlimits: -0.15 0.15
# variables: x I I_err N
-0.1495 2496548.967 2696581.082 6 
-0.1485 0.001247813196 0.001393598159 4 
-0.1475 37785672.25 30971126.09 8 
-0.1465 16665088.43 11483136.57 7 
-0.1455 6.375518079e-10 7.254343782e-10 3 
-0.1445 3.130741893e-21 3.130741893e-21 1 
-0.1435 33242043.63 25599727.23 7 
-0.1425 0.0001899769102 0.0002079693462 5 
-0.1415 2000027.379 2309385.384 3 
-0.1405 1.250189373e-06 1.531163023e-06 2 
-0.1395 3101488.989 3798532.733 2 
-0.1385 4218523.989 4446703.798 9 
-0.1375 17.53220849 19.60153416 4 
-0.1365 31840193.49 28963245.6 6 
-0.1355 2546029.596 2737195.35 4 
-0.1345 485781.9735 491298.9408 8 
-0.1335 15761.45464 15921.92954 5 
-0.1325 716162.3333 754399.3369 9 
-0.1315 3391446.737 3663180.928 6 
-0.1305 863253.795 650783.994 6 
-0.1295 5384198.897 5646825.69 10 
-0.1285 2385890.441 2530379.951 8 
-0.1275 8673532.518 5827522.715 7 
-0.1265 2136177.114 2283669.26 7 
-0.1255 2.962795603 3.628655127 2 
-0.1245 10814.50215 11470.36571 8 
-0.1235 7445841.662 7189782.063 12 
-0.1225 989.8926886 1084.37311 5 
-0.1215 0.1190552744 0.1112579698 4 
-0.1205 22674131.45 24239666.12 7 
-0.1195 1118.967575 1208.623117 6 
-0.1185 7520531.405 8238213.888 5 
-0.1175 807154.8013 862265.736 7 
-0.1165 8455999.103 8912616.822 9 
-0.1155 110237.0826 109928.6094 5 
-0.1145 8.827566898e-13 1.014877477e-12 3 
-0.1135 1480.254311 1597.620552 6 
-0.1125 8870192.371 9170586.546 11 
-0.1115 27788351.05 29920227.44 6 
-0.1105 297407.2885 307182.6924 6 
-0.1095 3.62912386e-22 3.62912386e-22 1 
-0.1085 314390.8288 255691.3533 9 
-0.1075 180.8842342 202.2347219 4 
-0.1065 102790.9056 104627.1068 8 
-0.1055 1536857.081 1642969.328 7 
-0.1045 19186175.6 22079934.09 3 
-0.1035 1227755.429 1268378.008 5 
-0.1025 343868.4702 384446.5865 4 
-0.1015 6.337550629 6.158133689 9 
-0.1005 2474502.74 1628704.52 10 
-0.0995 8182655.189 8836765.508 6 
-0.0985 11389906.41 12167230.58 7 
-0.0975 8100408.834 8515343.394 9 
-0.0965 9382223.553 7042503.135 9 
-0.0955 1635224.993 1828237.122 4 
-0.0945 3525966.712 3769416.969 7 
-0.0935 1273940.537 1376013.047 6 
-0.0925 1395924.723 1529158.919 5 
-0.0915 52570902.78 56775948.3 6 
-0.0905 6222431.488 5551898.467 10 
-0.0895 55346.79494 59779.09861 6 
-0.0885 1363584.26 1446292.192 8 
-0.0875 99696960.69 107684493.7 6 
-0.0865 1040.692843 966.205786 9 
-0.0855 1945306.486 1327040.201 8 
-0.0845 33899360 24480832.74 10 
-0.0835 1.857271518e-13 2.144592422e-13 3 
-0.0825 11853868.15 12985257.99 5 
-0.0815 1272.313511 1249.097271 9 
-0.0805 1763.257141 1969.887866 4 
-0.0795 110937.5046 121525.9475 5 
-0.0785 69948.67593 65400.20164 5 
-0.0775 313773.3021 342811.4768 5 
-0.0765 4031483.184 4255477.499 8 
-0.0755 6009782.796 6165304.584 11 
-0.0745 7211119.499 4719861.778 7 
-0.0735 5546645.855 5920792.871 7 
-0.0725 7091017.936 4320184.05 15 
-0.0715 4557.039134 3798.665611 10 
-0.0705 42584710.94 42636423.88 12 
-0.0695 6753140.813 7397692.874 5 
-0.0685 6190382.48 6525221.553 9 
-0.0675 42690524.87 44754370.06 9 
-0.0665 46065414.35 23259621.92 17 
-0.0655 52975158.99 36654690.58 15 
-0.0645 918.0399693 973.7180043 8 
-0.0635 137.126158 143.7018247 8 
-0.0625 32858852.08 34353951.02 10 
-0.0615 39516108.51 24989392.41 10 
-0.0605 2306610.024 2275404.154 15 
-0.0595 525670.4572 547115.0888 12 
-0.0585 3330810.867 2374616.209 10 
-0.0575 25742291.44 26886886.8 11 
-0.0565 23621078.22 24306855.46 11 
-0.0555 246194.6019 248461.1809 13 
-0.0545 974809.8982 1067847.782 5 
-0.0535 21744646.33 21542277.35 9 
-0.0525 36751677.62 23392132.26 18 
-0.0515 7921.306347 5893.743812 8 
-0.0505 1803013.062 1897544.193 8 
-0.0495 3470764.943 3471193.412 13 
-0.0485 23294419.89 22054521.88 13 
-0.0475 22242156.16 17552659.88 15 
-0.0465 86915644.91 80480752.46 12 
-0.0455 8273435.872 8720162.908 9 
-0.0445 14.66330152 14.17620115 10 
-0.0435 1999372.783 2087697.586 10 
-0.0425 1555665.626 1025041.635 15 
-0.0415 439137.8619 461290.1176 9 
-0.0405 59243049.65 38181575.04 14 
-0.0395 1427851.963 1499509.907 9 
-0.0385 37511763.32 34402057.47 10 
-0.0375 35240738.47 20260042.79 13 
-0.0365 700734.6131 708777.2963 10 
-0.0355 111704.32 116382.6947 8 
-0.0345 208.6642102 217.9407771 11 
-0.0335 58539656.39 39392029.82 12 
-0.0325 9224573.005 9427485.532 11 
-0.0315 585591.1332 609502.5717 12 
-0.0305 3644385.68 3865454.741 8 
-0.0295 15590125.87 16226716.17 12 
-0.0285 155.2201482 152.0845198 10 
-0.0275 35835402.82 37631236.63 8 
-0.0265 1492544.306 976620.5352 11 
-0.0255 519.4293236 483.7170905 6 
-0.0245 0.0005171336792 0.0005585681723 6 
-0.0235 29298978.71 21551375.86 13 
-0.0225 4693820.71 5069894.924 6 
-0.0215 107.7448646 84.9669929 14 
-0.0205 14.26714643 15.62885478 5 
-0.0195 11789553.3 9036958.792 8 
-0.0185 10746465.87 10982338.55 10 
-0.0175 18949505.46 17541121.95 10 
-0.0165 4190103.488 3703844.377 11 
-0.0155 9651190.797 10236633.66 8 
-0.0145 43602828 44943931.26 16 
-0.0135 5849023.319 4318796.381 11 
-0.0125 20614670.53 13821952.64 8 
-0.0115 6238614.329 4617799.498 11 
-0.0105 23759518.26 23026736.61 13 
-0.0095 303835.8663 310282.5855 14 
-0.0085 6249566.729 5841639.05 9 
-0.0075 1.875817793 1.81443558 10 
-0.0065 75.46553311 79.14455005 10 
-0.0055 88.21421686 72.22106711 8 
-0.0045 99.41976982 104.4266511 9 
-0.0035 5313567.413 5426239.927 14 
-0.0025 2830438.16 2407772.982 8 
-0.0015 20249503.37 14051730.66 10 
-0.0005 26777835.02 15294587.49 13 
0.0005 18595033.95 18092362 10 
0.0015 2274745.723 2405319.582 6 
0.0025 224181.4824 237779.0863 8 
0.0035 2881431.032 2124676.4 11 
0.0045 36580728.43 38288700.05 10 
0.0055 1984146.905 1985602.537 14 
0.0065 0.003190063889 0.002622052797 10 
0.0075 736161.0222 528269.3425 12 
0.0085 288.8519781 245.6637573 6 
0.0095 17691316.67 17727278.35 11 
0.0105 0.01148946642 0.008884809685 10 
0.0115 40910158.67 26003949.3 11 
0.0125 8173521.074 6139689.122 10 
0.0135 31633990.4 27903853.28 13 
0.0145 2248391.948 2245255.682 9 
0.0155 7433686.959 7834132.611 9 
0.0165 414889.6153 428299.8846 14 
0.0175 144066.1881 124173.3925 8 
0.0185 1.493370069e-06 1.585900098e-06 7 
0.0195 33870172.23 37102913.79 5 
0.0205 354977.3562 379379.0818 7 
0.0215 4035165.571 3967671.689 16 
0.0225 11609084.75 6776496.69 12 
0.0235 30307.48341 22823.8927 6 
0.0245 4562498.448 3341516.624 15 
0.0255 23810.51536 22590.79875 7 
0.0265 5026584.616 3761032.479 8 
0.0275 5153279.071 5566176.057 6 
0.0285 29478664.59 22189010.51 18 
0.0295 7903399.05 8212922.839 11 
0.0305 2815262.957 1767257.891 16 
0.0315 765473.0092 782634.2225 8 
0.0325 19.71234373 19.70913823 10 
0.0335 14685077.85 9999726.431 8 
0.0345 3268976.633 2613845.341 12 
0.0355 9932598.4 10880616.34 5 
0.0365 1785433.24 1908679.878 7 
0.0375 425205.6782 448188.6776 9 
0.0385 16273373.34 12422570.55 12 
0.0395 32200538.5 25587107.33 13 
0.0405 6168532.332 6436811.431 10 
0.0415 0.02408968446 0.01897705852 5 
0.0425 903927.1896 810211.0541 10 
0.0435 358392.9747 373614.4662 8 
0.0445 2905083.079 2249014.004 8 
0.0455 14723381.76 11148473.34 12 
0.0465 26234864.58 25948368.21 16 
0.0475 42813.41905 44055.65479 9 
0.0485 2340178.775 2466760.46 9 
0.0495 199789.6072 206661.9528 14 
0.0505 7731878.595 7484344.305 11 
0.0515 129441.6878 139532.2903 6 
0.0525 843059.5638 637340.1584 9 
0.0535 16574.82533 17580.25654 8 
0.0545 31244831.41 33109825.77 8 
0.0555 125915140.2 87321451.59 11 
0.0565 2921504.782 3098723.734 8 
0.0575 7080172.208 8671404.598 2 
0.0585 855368.8657 907230.2437 8 
0.0595 20253.37567 21876.14123 6 
0.0605 25680626 20854642.43 2 
0.0615 16424941.13 13064801.44 11 
0.0625 56192920.26 59592134.92 8 
0.0635 4231653.863 4523654.439 7 
0.0645 903195.6599 599717.7194 7 
0.0655 6277335.277 7018273.186 4 
0.0665 10048881.48 6101188.809 8 
0.0675 18673802.45 20877944.87 4 
0.0685 1008730.392 1012165.253 11 
0.0695 3.490006255e-05 4.029912005e-05 3 
0.0705 244.0946981 281.8547259 3 
0.0715 600076.3489 657327.8228 5 
0.0725 10.55456802 8.790817249 3 
0.0735 16784005.03 17251440.53 10 
0.0745 118158.1164 127624.3372 6 
0.0755 1.418929324 1.532618498 6 
0.0765 9175587.501 6902179.282 6 
0.0775 0.02086589076 0.02409234899 3 
0.0785 43548441.95 47672233.53 5 
0.0795 39460.18282 43403.86089 4 
0.0805 1697786.023 1960429.678 3 
0.0815 925.2507739 986.5579489 7 
0.0825 6295726.133 7269678.355 3 
0.0835 6193303.826 4602063.548 8 
0.0845 6241263.655 6598531.936 3 
0.0855 6355655.814 6961017.993 5 
0.0865 56763.38806 42447.48551 10 
0.0875 9060732.111 6440370.152 7 
0.0885 27879736.18 29464406.39 8 
0.0895 3.106125976 3.34724356 6 
0.0905 2126654.705 2329574.541 5 
0.0915 6829.11634 7635.182441 4 
0.0925 0.01371224887 0.0153288021 4 
0.0935 6050503.515 6050503.515 1 
0.0945 91805.93598 75863.3832 8 
0.0955 1.185625598e-14 1.185625598e-14 1 
0.0965 0.0009049317025 0.0009407965667 5 
0.0975 2.14246846e-07 2.069122961e-07 3 
0.0985 19471017.93 16918345.74 5 
0.0995 716389.4055 747909.9764 6 
0.1005 130418.3229 138885.3647 7 
0.1015 274.1241674 296.0879413 6 
0.1025 893260.0217 941814.1074 7 
0.1035 21585319.9 15216433.76 10 
0.1045 3058017.528 3222584.476 7 
0.1055 1100.406572 1205.420707 5 
0.1065 0.3339729582 0.3606707766 6 
0.1075 7320217.972 5540807.411 10 
0.1085 18506417.37 20183235.41 4 
0.1095 308.2871927 327.1020916 6 
0.1105 5753.792077 6432.935105 4 
0.1115 6690664.747 6633177.404 5 
0.1125 646553.9765 722869.3213 4 
0.1135 24866.33718 24259.38881 6 
0.1145 11553471.43 12172402.93 9 
0.1155 30935987.94 33888676.77 5 
0.1165 0.0008328312642 0.0009122998803 5 
0.1175 1702344.315 1859000.607 5 
0.1185 1317.536206 1466.381022 4 
0.1195 0.0008772915782 0.0009808409161 4 
0.1205 201300.5163 225060.8191 4 
0.1215 3231.873959 3490.822751 6 
0.1225 0 0 0 
0.1235 22501140.77 24648764.47 5 
0.1245 5.606866859e-11 6.806170208e-11 2 
0.1255 7382531.469 7974044.835 6 
0.1265 199988.7111 216003.9354 6 
0.1275 4.368957207e-05 5.035661608e-05 3 
0.1285 9.908093463e-26 9.908093463e-26 1 
0.1295 1297424.745 1421257.563 5 
0.1305 15.52696885 16.76894868 6 
0.1315 8393405.167 9554413.869 3 
0.1325 40491.3656 43731.70524 6 
0.1335 7969780.139 8209062.719 6 
0.1345 3299.374053 2679.808511 8 
0.1355 14123.02858 11235.37355 5 
0.1365 2858.025829 2228.737899 6 
0.1375 11262.79814 12040.43766 7 
0.1385 58.50430531 62.50283766 7 
0.1395 6764.890943 7231.835046 7 
0.1405 0.00134092499 0.00148929837 4 
0.1415 70623.30703 78959.25724 4 
0.1425 0.0001159766555 0.0001339183066 3 
0.1435 17243.70111 18724.36014 3 
0.1445 998.8084215 1153.324622 3 
0.1455 19560757.96 16538186.65 7 
0.1465 7793967.253 7349657.743 8 
0.1475 2238.874637 2399.332804 6 
0.1485 994.5516444 1218.05778 2 
0.1495 0.1971396326 0.1971396326 1 
