# Format: McCode with text headers
# URL: http://www.mccode.org
# Creator:  3.99.99, git
# Instrument: ODIN_MCPL_baseline.instr
# Ncount: 12787302
# Trace: no
# Gravitation: no
# Seed: 1000
# Directory: Filterscan/0
# Nodes: 12
# Param: l_min=1
# Param: l_max=11
# Param: n_pulses=1
# Param: wfm_delta=0.3
# Param: bp_frequency=7
# Param: WFM1_phase_offset=0
# Param: jitter_wfmc_1=0
# Param: WFM2_phase_offset=0
# Param: jitter_wfmc_2=0
# Param: fo1_phase_offset=0
# Param: jitter_fo_chopper_1=0
# Param: bp1_phase_offset=0
# Param: jitter_bp1=0
# Param: fo2_phase_offset=0
# Param: jitter_fo_chopper_2=0
# Param: bp2_phase_offset=0
# Param: jitter_bp2=0
# Param: t0_phase_offset=0
# Param: jit_t0_sec=0
# Param: fo3_phase_offset=0
# Param: jitter_fo_chopper_3=0
# Param: fo4_phase_offset=0
# Param: jitter_fo_chopper_4=0
# Param: fo5_phase_offset=0
# Param: jitter_fo_chopper_5=0
# Param: choppers=2
# Param: repeat=1
# Param: v_smear=0.1
# Param: pos_smear=0.01
# Param: dir_smear=0.01
# Param: filter=0
# Date: Sun Mar  1 17:29:20 2026 (1772382560)
# type: array_2d(90, 90)
# Source: ODIN_MCPL_baseline (ODIN_MCPL_baseline.instr)
# component: PSD_Backtrace
# position: 0.123791 0 -0.138729
# title: PSD monitor
# Ncount: 153447624
# filename: PSD_Backtrace.dat
# statistics: X0=-0.854665; dX=5.98354; Y0=-0.00730746; dY=1.14411;
# signal: Min=0; Max=1.63527e+11; Mean=1.33741e+09;
# values: 1.0833e+13 3.27214e+11 1.06228e+07
# xvar: X 
# yvar: Y 
# xlabel: X position [cm]
# ylabel: Y position [cm]
# zvar: I
# zlabel: Signal per bin
# xylimits: -15 15 -15 15
# variables: I I_err N
# Data [PSD_Backtrace/PSD_Backtrace.dat] I:
0 0 0 0 0 0 0 0 0 0 0 0 0 0 0 0 0 0 0 0 0 0 0 0 0 0 0 0 0 0 0 0 0 0 0 0 0 0 0 0 0 0 0 0 0 0 0 0 0 0 0 0 0 0 0 0 0 0 0 0 0 0 0 0 0 0 0 0 0 0 0 0 0 0 0 0 0 0 0 0 0 0 0 0 0 0 0 0 0 0 
0 0 0 0 0 0 0 0 0 0 0 0 0 0 0 0 0 0 0 0 0 0 0 0 0 0 0 0 0 0 0 0 0 0 0 0 0 0 0 0 0 0 0 0 0 0 0 0 0 0 0 0 0 0 0 0 0 0 0 0 0 0 0 0 0 0 0 0 0 0 0 0 0 0 0 0 0 0 0 0 0 0 0 0 0 0 0 0 0 0 
0 0 0 0 0 0 0 0 0 0 0 0 0 0 0 0 0 0 0 0 0 0 0 0 0 0 0 0 0 0 0 0 0 0 0 0 0 0 0 0 0 0 0 0 0 0 0 0 0 0 0 0 0 0 0 0 0 0 0 0 0 0 0 0 0 0 0 0 0 0 0 0 0 0 0 0 0 0 0 0 0 0 0 0 0 0 0 0 0 0 
0 0 0 0 0 0 0 0 0 0 0 0 0 0 0 0 0 0 0 0 0 0 0 0 0 0 0 0 0 0 0 0 0 0 0 0 0 0 0 0 0 0 0 0 0 0 0 0 0 0 0 0 0 0 0 0 0 0 0 0 0 0 0 0 0 0 0 0 0 0 0 0 0 0 0 0 0 0 0 0 0 0 0 0 0 0 0 0 0 0 
0 0 0 0 0 0 0 0 0 0 0 0 0 0 0 0 0 0 0 0 0 0 0 0 0 0 0 0 0 0 0 0 0 0 0 0 0 0 0 0 0 0 0 0 0 0 0 0 0 0 0 0 0 0 0 0 0 0 0 0 0 0 0 0 0 0 0 0 0 0 0 0 0 0 0 0 0 0 0 0 0 0 0 0 0 0 0 0 0 0 
0 0 0 0 0 0 0 0 0 0 0 0 0 0 0 0 0 0 0 0 0 0 0 0 0 0 0 0 0 0 0 0 0 0 0 0 0 0 0 0 0 0 0 0 0 0 0 0 0 0 0 0 0 0 0 0 0 0 0 0 0 0 0 0 0 0 0 0 0 0 0 0 0 0 0 0 0 0 0 0 0 0 0 0 0 0 0 0 0 0 
0 0 0 0 0 0 0 0 0 0 0 0 0 0 0 0 0 0 0 0 0 0 0 0 0 0 0 0 0 0 0 0 0 0 0 0 0 0 0 0 0 0 0 0 0 0 0 0 0 0 0 0 0 0 0 0 0 0 0 0 0 0 0 0 0 0 0 0 0 0 0 0 0 0 0 0 0 0 0 0 0 0 0 0 0 0 0 0 0 0 
0 0 0 0 0 0 0 0 0 0 0 0 0 0 0 0 0 0 0 0 0 0 0 0 0 0 0 0 0 0 0 0 0 0 0 0 0 0 0 0 0 0 0 0 0 0 0 0 0 0 0 0 0 0 0 0 0 0 0 0 0 0 0 0 0 0 0 0 0 0 0 0 0 0 0 0 0 0 0 0 0 0 0 0 0 0 0 0 0 0 
0 0 0 0 0 0 0 0 0 0 0 0 0 0 0 0 0 0 0 0 0 0 0 0 0 0 0 0 0 0 0 0 0 0 0 0 0 0 0 0 0 0 0 0 0 0 0 0 0 0 0 0 0 0 0 0 0 0 0 0 0 0 0 0 0 0 0 0 0 0 0 0 0 0 0 0 0 0 0 0 0 0 0 0 0 0 0 0 0 0 
0 0 0 0 0 0 0 0 0 0 0 0 0 0 0 0 0 0 0 0 0 0 0 0 0 0 0 0 0 0 0 0 0 0 0 0 0 0 0 0 0 0 0 0 0 0 0 0 0 0 0 0 0 0 0 0 0 0 0 0 0 0 0 0 0 0 0 0 0 0 0 0 0 0 0 0 0 0 0 0 0 0 0 0 0 0 0 0 0 0 
0 0 0 0 0 0 0 0 0 0 0 0 0 0 0 0 0 0 0 0 0 0 0 0 0 0 0 0 0 0 0 0 0 0 0 0 0 0 0 0 0 0 0 0 0 0 0 0 0 0 0 0 0 0 0 0 0 0 0 0 0 0 0 0 0 0 0 0 0 0 0 0 0 0 0 0 0 0 0 0 0 0 0 0 0 0 0 0 0 0 
0 0 0 0 0 0 0 0 0 0 0 0 0 0 0 0 0 0 0 0 0 0 0 0 0 0 0 0 0 0 0 0 0 0 0 0 0 0 0 0 0 0 0 0 0 0 0 0 0 0 0 0 0 0 0 0 0 0 0 0 0 0 0 0 0 0 0 0 0 0 0 0 0 0 0 0 0 0 0 0 0 0 0 0 0 0 0 0 0 0 
0 0 0 0 0 0 0 0 0 0 0 0 0 0 0 0 0 0 0 0 0 0 0 0 0 0 0 0 0 0 0 0 0 0 0 0 0 0 0 0 0 0 0 0 0 0 0 0 0 0 0 0 0 0 0 0 0 0 0 0 0 0 0 0 0 0 0 0 0 0 0 0 0 0 0 0 0 0 0 0 0 0 0 0 0 0 0 0 0 0 
0 0 0 0 0 0 0 0 0 0 0 0 0 0 0 0 0 0 0 0 0 0 0 0 0 0 0 0 0 0 0 0 0 0 0 0 0 0 0 0 0 0 0 0 0 0 0 0 0 0 0 0 0 0 0 0 0 0 0 0 0 0 0 0 0 0 0 0 0 0 0 0 0 0 0 0 0 0 0 0 0 0 0 0 0 0 0 0 0 0 
0 0 0 0 0 0 0 0 0 0 0 0 0 0 0 0 0 0 0 0 0 0 0 0 0 0 0 0 0 0 0 0 0 0 0 0 0 0 0 0 0 0 0 0 0 0 0 0 0 0 0 0 0 0 0 0 0 0 0 0 0 0 0 0 0 0 0 0 0 0 0 0 0 0 0 0 0 0 0 0 0 0 0 0 0 0 0 0 0 0 
0 0 0 0 0 0 0 0 0 0 0 0 0 0 0 0 0 0 0 0 0 0 0 0 0 0 0 0 0 0 0 0 0 0 0 0 0 0 0 0 0 0 0 0 0 0 0 0 0 0 0 0 0 0 0 0 0 0 0 0 0 0 0 0 0 0 0 0 0 0 0 0 0 0 0 0 0 0 0 0 0 0 0 0 0 0 0 0 0 0 
0 0 0 0 0 0 0 0 0 0 0 0 0 0 0 0 0 0 0 0 0 0 0 0 0 0 0 0 0 0 0 0 0 0 0 0 0 0 0 0 0 0 0 0 0 0 0 0 0 0 0 0 0 0 0 0 0 0 0 0 0 0 0 0 0 0 0 0 0 0 0 0 0 0 0 0 0 0 0 0 0 0 0 0 0 0 0 0 0 0 
0 0 0 0 0 0 0 0 0 0 0 0 0 0 0 0 0 0 0 0 0 0 0 0 0 0 0 0 0 0 0 0 0 0 0 0 0 0 0 0 0 0 0 0 0 0 0 0 0 0 0 0 0 0 0 0 0 0 0 0 0 0 0 0 0 0 0 0 0 0 0 0 0 0 0 0 0 0 0 0 0 0 0 0 0 0 0 0 0 0 
0 0 0 0 0 0 0 0 0 0 0 0 0 0 0 0 0 0 0 0 0 0 0 0 0 0 0 0 0 0 0 0 0 0 0 0 0 0 0 0 0 0 0 0 0 0 0 0 0 0 0 0 0 0 0 0 0 0 0 0 0 0 0 0 0 0 0 0 0 0 0 0 0 0 0 0 0 0 0 0 0 0 0 0 0 0 0 0 0 0 
0 0 0 0 0 0 0 0 0 0 0 0 0 0 0 0 0 0 0 0 0 0 0 0 0 0 0 0 0 0 0 0 0 0 0 0 0 0 0 0 0 0 0 0 0 0 0 0 0 0 0 0 0 0 0 0 0 0 0 0 0 0 0 0 0 0 0 0 0 0 0 0 0 0 0 0 0 0 0 0 0 0 0 0 0 0 0 0 0 0 
0 0 0 0 0 0 0 0 0 0 0 0 0 0 0 0 0 0 0 0 0 0 0 0 0 0 0 0 0 0 0 0 0 0 0 0 0 0 0 0 0 0 0 0 0 0 0 0 0 0 0 0 0 0 0 0 0 0 0 0 0 0 0 0 0 0 0 0 0 0 0 0 0 0 0 0 0 0 0 0 0 0 0 0 0 0 0 0 0 0 
0 0 0 0 0 0 0 0 0 0 0 0 0 0 0 0 0 0 0 0 0 0 0 0 0 0 0 0 0 0 0 0 0 0 0 0 0 0 0 0 0 0 0 0 0 0 0 0 0 0 0 0 0 0 0 0 0 0 0 0 0 0 0 0 0 0 0 0 0 0 0 0 0 0 0 0 0 0 0 0 0 0 0 0 0 0 0 0 0 0 
0 0 0 0 0 0 0 0 0 0 0 0 0 0 0 0 0 0 0 0 0 0 0 0 0 0 0 0 0 0 0 0 0 0 0 0 0 0 0 0 0 0 0 0 0 0 0 0 0 0 0 0 0 0 0 0 0 0 0 0 0 0 0 0 0 0 0 0 0 0 0 0 0 0 0 0 0 0 0 0 0 0 0 0 0 0 0 0 0 0 
0 0 0 0 0 0 0 0 0 0 0 0 0 0 0 0 0 0 0 0 0 0 0 0 0 0 0 0 0 0 0 0 0 0 0 0 0 0 0 0 0 0 0 0 0 0 0 0 0 0 0 0 0 0 0 0 0 0 0 0 0 0 0 0 0 0 0 0 0 0 0 0 0 0 0 0 0 0 0 0 0 0 0 0 0 0 0 0 0 0 
0 0 0 0 0 0 0 0 0 0 0 0 0 0 0 0 0 0 0 0 0 0 0 0 0 0 0 0 0 0 0 0 0 0 0 0 0 0 0 0 0 0 0 0 0 0 0 0 0 0 0 0 0 0 0 0 0 0 0 0 0 0 0 0 0 0 0 0 0 0 0 0 0 0 0 0 0 0 0 0 0 0 0 0 0 0 0 0 0 0 
0 0 0 0 0 0 0 0 0 0 0 0 0 0 0 0 0 0 0 0 0 0 0 0 0 0 0 0 0 0 0 0 0 0 0 0 0 0 0 0 0 0 0 0 0 0 0 0 0 0 0 0 0 0 0 0 0 0 0 0 0 0 0 0 0 0 0 0 0 0 0 0 0 0 0 0 0 0 0 0 0 0 0 0 0 0 0 0 0 0 
0 0 0 0 0 0 0 0 0 0 0 0 0 0 0 0 0 0 0 0 0 0 0 0 0 0 0 0 0 0 0 0 0 0 0 0 0 0 0 0 0 0 0 0 0 0 0 0 0 0 0 0 0 0 0 0 0 0 0 0 0 0 0 0 0 0 0 0 0 0 0 0 0 0 0 0 0 0 0 0 0 0 0 0 0 0 0 0 0 0 
0 0 0 0 0 0 0 0 0 0 0 0 0 0 0 0 0 0 0 0 0 0 0 0 0 0 0 0 0 0 0 0 0 0 0 0 0 0 0 0 0 0 0 0 0 0 0 0 0 0 0 0 0 0 0 0 0 0 0 0 0 0 0 0 0 0 0 0 0 0 0 0 0 0 0 0 0 0 0 0 0 0 0 0 0 0 0 0 0 0 
0 0 0 0 0 0 0 0 0 0 0 0 0 0 0 0 0 0 0 0 0 0 0 0 0 0 0 0 0 0 0 0 0 0 0 0 0 0 0 0 0 0 0 0 0 0 0 0 0 0 0 0 0 0 0 0 0 0 0 0 0 0 0 0 0 0 0 0 0 0 0 0 0 0 0 0 0 0 0 0 0 0 0 0 0 0 0 0 0 0 
0 0 0 0 0 0 0 0 0 0 0 0 0 0 0 0 0 0 0 0 0 0 0 0 0 0 0 0 0 0 0 0 0 0 0 0 0 0 0 0 0 0 0 0 0 0 0 0 0 0 0 0 0 0 0 0 0 0 0 0 0 0 0 0 0 0 0 0 0 0 0 0 0 0 0 0 0 0 0 0 0 0 0 0 0 0 0 0 0 0 
0 0 0 0 0 0 0 0 0 0 0 0 0 0 0 0 0 0 0 0 0 0 0 0 0 0 0 0 0 0 0 0 0 0 0 0 0 0 0 0 0 0 0 0 0 0 0 0 0 0 0 0 0 0 0 0 0 0 0 0 0 0 0 0 0 0 0 0 0 0 0 0 0 0 0 0 0 0 0 0 0 0 0 0 0 0 0 0 0 0 
0 0 0 0 0 0 0 0 0 0 0 0 0 0 0 0 0 0 0 0 0 0 0 0 0 0 0 0 0 0 0 0 0 0 0 0 0 0 0 0 0 0 0 0 0 0 0 0 0 0 0 0 0 0 0 0 0 0 0 0 0 0 0 0 0 0 0 0 0 0 0 0 0 0 0 0 0 0 0 0 0 0 0 0 0 0 0 0 0 0 
0 0 0 0 0 0 0 0 0 0 0 0 0 0 0 0 0 0 0 0 0 0 0 0 0 0 0 0 0 0 0 0 0 0 0 0 0 0 0 0 0 0 0 0 0 0 0 0 0 0 0 0 0 0 0 0 0 0 0 0 0 0 0 0 0 0 0 0 0 0 0 0 0 0 0 0 0 0 0 0 0 0 0 0 0 0 0 0 0 0 
0 0 0 0 0 0 0 0 0 0 0 0 0 0 0 0 0 0 0 0 0 0 0 0 0 0 0 0 0 0 0 0 0 0 0 0 0 0 0 0 0 0 0 0 0 0 0 0 0 0 0 0 0 0 0 0 0 0 0 0 0 0 0 0 0 0 0 0 0 0 0 0 0 0 0 0 0 0 0 0 0 0 0 0 0 0 0 0 0 0 
0 0 0 0 0 0 0 0 0 0 0 0 0 0 0 0 0 0 0 0 0 0 0 0 0 0 0 0 0 0 0 0 0 0 0 0 0 0 0 0 0 0 0 0 0 0 0 0 0 0 0 0 0 0 0 0 0 0 0 0 0 0 0 0 0 0 0 0 0 0 0 0 0 0 0 0 0 0 0 0 0 0 0 0 0 0 0 0 0 0 
0 0 0 0 0 0 0 0 0 0 0 0 0 0 0 0 0 0 0 0 0 0 0 0 0 0 0 0 0 0 0 0 0 0 0 0 0 0 0 0 0 0 0 0 0 0 0 0 0 0 0 0 0 0 0 0 0 0 0 0 0 0 0 0 0 0 0 0 0 0 0 0 0 0 0 0 0 0 0 0 0 0 0 0 0 0 0 0 0 0 
0 0 0 0 0 0 0 0 0 238208734.3 475696406.2 640326938.4 637472855.6 550099765.3 681712533 500505619.6 449515533.9 1099139610 559630614.3 743718129.4 426298663.3 403722387.2 521851961.4 378213342 558625953.4 690106846.9 607663166.7 793711924.2 627187476.4 575342837.4 737291766.5 664436346.2 1010060514 447916259.8 319394340.4 496235158.3 639661936 679793723.2 582953747.5 926830358.3 379439897.5 766295534.7 670901600.1 940954253.6 462437571.2 420652224.7 384391459.4 807140233.2 514829342.2 535520191.7 529399927 429137756.9 488969854.7 723138699.8 362395754.4 442000230 312056137.2 271427398.8 601631200.2 505647699.9 517702210.1 313527659 635613920.2 838880111.1 569663477.4 471630677.4 502533282.5 587086351 341361107.1 495143638.4 1159977812 439045373.3 187756644.7 475623167.4 367023339.2 260899935.6 625065188 281052276.8 482855608.1 441799119.5 435079483.1 0 0 0 0 0 0 0 0 0 
0 0 0 0 0 0 0 0 0 1068221225 1846832125 1780856495 1174007657 1290628198 2112174988 1845930478 1696505566 986120955.2 1567415678 1541604557 1799640332 1421556114 2477035608 1866436064 1108215619 1598423970 1939644851 1702529867 1474166682 1646157871 1312271295 1747784010 1966953897 1069036014 1480692821 1418830848 1534993736 1107394631 2090843217 1367634096 1260211384 1930193659 1580184991 1567444900 934754875.3 2352807746 1251180652 1237971527 1859407721 1944159349 1467223072 1178226320 1150794444 1812657467 1735772888 1116019632 1143558189 1527433497 1508721044 1156207062 1304241534 1201580892 972110734 1140230416 1966593026 1060276345 998122543 1580624527 797843533.9 1125999441 922588255.5 1321784795 1056547594 1139001835 833363010.1 789322839.9 1516684201 864934874.1 710215821.5 681973729.8 963764381 0 0 0 0 0 0 0 0 0 
0 0 0 0 0 0 0 0 0 2608366367 2473384682 3263089015 3029078308 3095918753 3262783132 2944230692 3326023260 3529792085 3225039431 2912299174 4513915714 3124433056 2546680070 3061383251 3242364160 3138668738 3364774552 2712302287 3282280183 3484706494 2429968909 3077049780 4120899001 3502122976 3717235707 2706304730 3200604831 2879871992 3146730426 3643616830 4059737580 6.190980116e+10 3485849684 2979619309 3318207025 3260677618 3003001073 2595898908 2753620645 2118410899 3611597315 2912305643 2899518987 2371743497 2826643222 2630541154 2365652994 2433157010 2661894032 2527138349 2430676630 2781302504 3245175474 2494027204 3190627748 2150594328 2390461245 2889889457 2783215637 2723798155 1898333986 2729729086 2695078474 1828848925 2743473044 2234580866 2102569470 1977041883 2087751284 2091514374 2454650047 0 0 0 0 0 0 0 0 0 
0 0 0 0 0 0 0 0 0 2307838940 3340969581 4672889195 4649612845 5401137408 5313099598 5805699897 5551625379 4798017536 6763603902 5189040760 6863320831 5131736053 6483719526 6856537130 6472734881 6524860226 6350650969 5820319882 6391867927 6066644618 6427293027 7605188261 6030727359 6098870785 6342956436 5339841656 6113775445 6101733489 6275861538 5730550418 8118072242 5859103021 7383965931 7514573472 6514547666 6199809614 5287022182 6280488915 4194534103 6268131429 4374231725 4563405022 5521120182 5374971311 5104687420 6192774185 4617033122 4508589377 6106260797 5039227911 4751680925 5158485947 5256119024 5124473821 4351863324 4445559974 4983976407 4862366508 5083047000 5111103039 4332486973 4075166092 3356727435 4709049216 5361045699 4998955052 4473021532 3785463810 3610494965 4081956331 4004920391 0 0 0 0 0 0 0 0 0 
0 0 0 0 0 0 0 0 0 3067197934 3819117822 5681979932 4605043945 6222802202 5818555847 6220860388 5132275557 4596162927 6675723030 7723589804 6981240845 1.099416252e+10 1.285793813e+10 1.629611255e+10 1.514217914e+10 1.466539873e+10 1.476508498e+10 1.546013898e+10 1.406714728e+10 1.403948245e+10 1.71595808e+10 1.365881381e+10 1.427559104e+10 1.68471047e+10 1.574828345e+10 1.390487324e+10 1.658813125e+10 1.657079608e+10 1.405628543e+10 1.4541678e+10 1.292768841e+10 1.306170037e+10 1.147052755e+10 1.17538434e+10 1.106028554e+10 8601021666 9669768158 9130641425 7698265063 8145476457 9382562400 8655199597 1.019677248e+10 8292870757 1.05214845e+10 7822797147 8921561031 8038668595 8822063808 9328967574 8732088303 7150641665 8323044596 8583724367 1.00285523e+10 8499272555 8969830175 8930463119 8305280108 8591107012 8580293815 8711130963 7142196245 6439369583 5718402996 5920417823 6362893011 5757631866 4721855986 5324442193 5524769529 0 0 0 0 0 0 0 0 0 
0 0 0 0 0 0 0 0 0 3082211035 4027878830 5835571960 5198309528 5197717158 5628791873 5670976481 6217117947 5833876659 7091625825 8181647708 8766908335 1.022105103e+10 1.882227129e+10 2.178337044e+10 1.987678629e+10 2.120256436e+10 2.152782165e+10 2.354720738e+10 2.211649538e+10 2.414009718e+10 2.484164077e+10 2.306863192e+10 2.316294766e+10 2.185707629e+10 2.170404897e+10 2.465711304e+10 2.36306792e+10 2.277024528e+10 2.358687925e+10 2.162732647e+10 1.842468071e+10 1.544107594e+10 1.241807246e+10 1.0919721e+10 1.112902332e+10 9347961126 9173187681 9271499068 7522976555 8171410274 9498524082 9308901072 8938782699 1.008885663e+10 8823995792 1.001099926e+10 1.032803839e+10 8701472647 8490489883 9597334796 8650594953 8997345426 1.125461201e+10 1.02369533e+10 1.220276058e+10 1.143406698e+10 1.004202518e+10 8973871530 9522698436 1.008103629e+10 1.013515456e+10 8846932427 7195057261 7169998558 7868927300 6300926502 6925967469 6398291678 5664062532 4577498231 4478012637 0 0 0 0 0 0 0 0 0 
0 0 0 0 0 0 0 0 0 3130666917 4483661973 4247298930 5076023486 6575654334 6398253990 7082621760 6491327509 6208553188 7264435638 7542445775 7665356970 1.149787441e+10 1.894953617e+10 1.951211096e+10 1.953528139e+10 1.891547689e+10 2.000202458e+10 2.211696426e+10 2.417524072e+10 2.464943016e+10 2.316142834e+10 2.219398143e+10 2.198752669e+10 1.635265174e+11 2.535964265e+10 2.538026385e+10 2.282101402e+10 2.225453888e+10 2.213852157e+10 2.188763378e+10 1.680473431e+10 1.53525781e+10 1.256242572e+10 1.069041475e+10 1.198025287e+10 8102907880 1.014254683e+10 9073719913 6883708372 8914511559 1.142768523e+10 1.006777894e+10 9452168429 1.066169829e+10 9267481593 8908046121 9891860384 9017643467 1.005992326e+10 9061452761 9112844227 9483838160 1.135463365e+10 1.183128411e+10 1.154457441e+10 1.249218892e+10 1.142587057e+10 1.043758923e+10 1.126282046e+10 9034495956 8857162080 8158948828 6924440828 6335810199 6145031033 7627971522 6119736049 6544626146 5232972259 4637804691 5633702942 0 0 0 0 0 0 0 0 0 
0 0 0 0 0 0 0 0 0 2722067640 3887276882 4110512868 4182571136 5633167476 5664169193 5367980636 5688181806 6981891096 8416036264 6672592386 8179382707 1.109519632e+10 1.916204198e+10 1.839812468e+10 2.017437989e+10 2.040044185e+10 6.835807685e+10 2.202604028e+10 2.311322661e+10 2.200640819e+10 2.291171808e+10 1.414293879e+11 2.255692408e+10 2.287051874e+10 2.26259606e+10 2.246692657e+10 2.298458295e+10 2.389519178e+10 2.173438456e+10 1.899918379e+10 1.744280625e+10 1.51924787e+10 1.288281883e+10 1.039707658e+10 9166337814 8311862470 9555132304 8795216235 7843849882 9012036306 8490576958 1.051678766e+10 9624718143 1.062402463e+10 1.053821733e+10 8675002419 8647380426 9454378282 8611463401 7938963567 7495543768 1.018974196e+10 1.157207926e+10 1.393329563e+10 1.090952103e+10 1.194339647e+10 1.188216161e+10 1.024585794e+10 1.065702628e+10 1.005199481e+10 9596830850 8796800675 7895895879 7610430487 6468595199 6871302872 6544207042 5950566242 5531241258 4484217761 5772903185 0 0 0 0 0 0 0 0 0 
0 0 0 0 0 0 0 0 0 2065557794 3544981443 4783296805 5169454314 5110316931 5740840668 5923202364 5305587449 5892634527 7857712796 7436773892 7923881335 1.13663858e+10 1.875800007e+10 1.672579302e+10 1.874132181e+10 1.935808426e+10 9.088992164e+10 2.010036771e+10 1.324971951e+11 2.075448579e+10 2.370793634e+10 2.080949075e+10 2.317546062e+10 2.215430982e+10 2.199938786e+10 2.13008742e+10 2.35212785e+10 2.354390792e+10 2.152740142e+10 2.075092981e+10 1.70207716e+10 1.295798687e+10 1.324527956e+10 1.045789811e+10 1.055014449e+10 8599480681 9424480858 8770939382 9864486887 9090877941 8895955662 1.016574077e+10 1.068960622e+10 1.015083613e+10 1.015888782e+10 8898638539 9466153772 8107506210 9689229624 8495364308 8138676408 9513654248 1.086412545e+10 9726238148 1.16885284e+10 9997969135 1.119233068e+10 1.023714295e+10 9429541643 8021425289 9292859246 9523849079 7165319657 6518942999 6052478943 6900953502 6208689119 1.161331964e+11 6159962394 5104619325 4874346718 0 0 0 0 0 0 0 0 0 
0 0 0 0 0 0 0 0 0 2865987471 4256882332 4420545176 4652513560 4951767869 5467147429 6077246203 6590480865 5781878084 7243401735 7342489904 6970953225 1.153419667e+10 1.780981293e+10 1.77350472e+10 2.01388642e+10 1.846733775e+10 1.929866719e+10 2.084387527e+10 2.161888524e+10 2.328882172e+10 2.21991055e+10 2.306745979e+10 2.253269111e+10 2.333079979e+10 2.27297343e+10 2.182894949e+10 2.208772384e+10 2.238561819e+10 1.880540376e+10 2.04458529e+10 1.671795576e+10 1.511718504e+10 1.315197377e+10 1.201475921e+10 1.107079443e+10 8857890755 8775086610 8564987739 8759136968 9327876918 1.027779976e+10 1.005211526e+10 9412254102 9352869617 1.061043716e+10 9414127005 9814535164 9262234521 9365506388 8642481927 7660266093 8244208158 9868944183 1.190832571e+10 1.195700999e+10 1.150366244e+10 1.096979853e+10 1.126646465e+10 9880928290 9920246170 9302672386 9041659948 6564231055 6550159215 7045307096 6779671155 5174962441 6057364690 5534643993 4493710881 4613403661 0 0 0 0 0 0 0 0 0 
0 0 0 0 0 0 0 0 0 3725320553 3769109518 5609846373 6248701560 5452151650 5964649300 5710802418 6014975589 6153783133 5879929344 7465523247 8348600989 1.197663566e+10 1.833546161e+10 1.816128483e+10 2.085091225e+10 9.738621999e+10 2.284908668e+10 2.094752337e+10 2.270395009e+10 2.3454389e+10 2.177016892e+10 2.183353099e+10 2.169387903e+10 2.135728667e+10 2.253669613e+10 2.100374948e+10 2.311411413e+10 2.337018992e+10 2.245992833e+10 2.017321457e+10 1.759252913e+10 1.321603795e+10 1.176304627e+10 1.094706882e+10 9318445242 9873407197 8217888821 8019507792 8893612564 7869729022 8717336870 1.056291227e+10 1.0288752e+10 8750716027 1.094855636e+10 1.026743944e+10 9073487879 9377230036 8224649249 5.913724298e+10 8475310532 8247173575 1.281373401e+10 1.127000587e+10 5.341311076e+10 1.148751672e+10 1.020920689e+10 9379826803 1.032993945e+10 9872170567 8804220584 1.082807659e+10 7697461529 7330299503 7820481130 7432021236 5939776945 6019115951 5939645219 4884672575 5135429602 0 0 0 0 0 0 0 0 0 
0 0 0 0 0 0 0 0 0 2227246312 4012056332 4740493117 5790848494 4613012452 4949864534 6101935771 5217481020 5854539631 7124878074 6989545253 7055384752 1.118645241e+10 1.946621638e+10 2.017870572e+10 1.900785291e+10 2.251128663e+10 2.324237045e+10 2.184854507e+10 2.368382323e+10 2.208769521e+10 2.369400566e+10 2.355622598e+10 2.345832542e+10 2.320508534e+10 2.612523846e+10 2.322909654e+10 2.495481837e+10 2.330758019e+10 2.41364203e+10 2.214354911e+10 1.825551924e+10 1.556393411e+10 1.189301934e+10 1.163092951e+10 1.251307607e+10 8666731435 7647009252 8109598218 7948163619 7496345907 1.016631055e+10 9800792151 1.006728629e+10 9701699586 1.029792065e+10 9593495924 1.059723258e+10 9077454793 8948293515 8838362334 8732064517 9617317627 1.119779034e+10 1.210095048e+10 1.184908273e+10 1.18139123e+10 1.071378679e+10 1.129331544e+10 1.005066587e+10 1.153859509e+10 9914728881 8.620231856e+10 8389539332 7726268967 6999191363 5571477760 7655794941 6462275809 5293406743 5695771027 5923592038 0 0 0 0 0 0 0 0 0 
0 0 0 0 0 0 0 0 0 3056228707 3310591402 4693195570 4838762205 5328550586 6215151303 5174754922 6615110044 5591542796 6623494829 6984157205 8035360190 1.014574875e+10 2.069576573e+10 2.120145405e+10 2.047099544e+10 1.957691262e+10 2.335462932e+10 2.353406226e+10 2.385740207e+10 2.578551962e+10 2.421754609e+10 2.303274846e+10 2.244921025e+10 1.310501591e+11 2.288038137e+10 2.368407485e+10 2.432260644e+10 2.193659254e+10 2.306347642e+10 1.002958307e+11 1.942068237e+10 1.501402176e+10 1.292293705e+10 1.101282118e+10 1.321204294e+10 9223216542 8590982815 8623369455 9014699114 9194508645 8355448680 1.081855202e+10 1.009309573e+10 8948353584 1.115578113e+10 9209088661 7.926878115e+10 1.016256603e+10 9354024381 8460347835 9387929736 8849457960 9601349492 1.15185682e+10 1.158376696e+10 1.13919361e+10 1.005077714e+10 1.045433222e+10 1.117754213e+10 1.03964123e+10 9131130347 8749515253 7245933192 7600560400 6398713082 5283217046 6769545037 5968421858 6032787747 5884345000 5821991814 0 0 0 0 0 0 0 0 0 
0 0 0 0 0 0 0 0 0 2930104662 3875810299 4616227849 4121004836 5671118845 5263514030 4896410805 6643953708 5821311869 6674748597 7620234652 8898825823 1.196983809e+10 1.398333343e+10 1.327215145e+10 1.493018727e+10 1.623263578e+10 1.618553577e+10 1.462500498e+10 1.519788134e+10 1.589190824e+10 1.658608868e+10 1.598184237e+10 1.448567746e+10 1.733009254e+10 1.364929282e+10 1.659740863e+10 1.48374569e+10 1.571974716e+10 1.536784996e+10 1.647629925e+10 1.463329525e+10 1.282959738e+10 1.227591042e+10 1.085516247e+10 1.164436107e+10 1.054511999e+10 1.007708065e+10 8715209988 7260114664 8757940657 9109921893 8594861688 8707596821 8766579034 8323556164 9681314299 8399070539 8586945216 9146318474 7233951158 7960315002 9656519274 9789670382 9618554197 9623488781 9066328199 8912050906 8073485056 1.012309971e+10 8128171649 8577533017 7659670349 7688425430 6740886099 6608145152 6060510334 6873111154 6118954599 4767194777 5544157668 5207555999 0 0 0 0 0 0 0 0 0 
0 0 0 0 0 0 0 0 0 2711708324 4283045357 5047488847 4343035143 4414966712 4605661873 3962325978 3715007985 5422502453 4446392267 5333698815 4959007496 6035613022 6975073090 5802963896 6147887792 6030013803 5239183197 6186728749 5520690704 5063661021 5068664761 5946121586 5079607882 5689618450 4675832961 4609700129 5679770737 5625002141 5798584476 6200273130 5239728879 6001878838 6541861930 6517713684 5853537003 5021415100 4139119914 5070364225 6192470506 5198999135 4829454927 4408816026 4574468078 4578557047 4753626568 5899612810 4073831221 4395990227 4851693264 4761635720 4809364085 4151471710 4775027631 4172143637 4039798669 4282767393 3778192725 3764220296 4390639423 3526069818 4795907391 3923208419 4033816021 4806217298 3955687189 2766897521 3433261398 4196088923 3576074003 2747309538 3446187959 0 0 0 0 0 0 0 0 0 
0 0 0 0 0 0 0 0 0 1550422138 1679614789 2833948801 2353034220 2199093207 3538553981 2973430146 3677118787 2989024901 3354823727 2741244023 2519170956 2556828929 2376755395 2786166968 2807435276 2485020519 2518650795 2936186710 3151460018 2536939193 2193973633 2745388043 3111138014 2471234420 2682325581 1875535131 2735675145 5099036649 2461512771 2091493568 2258993568 2386478178 2720708687 2697875802 2971623819 2532834692 2882255233 1924292058 2663598691 2314448451 1987800094 3016858870 2593268022 3847354727 2312048579 2857684141 2767359536 1709830815 1916807020 1981063871 2238918947 2108133641 2380173820 1582507734 3255250233 2849353803 1777516895 3146907148 2206445098 2554374872 2181964927 2199092342 2084288600 2135716929 1769471039 1444523520 1869779225 1908581967 1675014728 1940352756 1806658502 0 0 0 0 0 0 0 0 0 
0 0 0 0 0 0 0 0 0 770224254.2 927146094.8 1997692552 1012182826 1168640559 1315551210 1342271372 1856016406 1214608973 1029688205 2163280996 1341090325 1323867708 1509311917 1073983234 1082635776 1836369787 1190853407 884690104.1 1455868862 1618017005 1950128882 1523425864 1135522418 1286006021 1165952781 925464176 1050086181 1684920604 1298050529 1555883742 1342993591 1197639161 1303448154 1285499474 1082553489 1100053105 1408537105 1092592314 1007294327 1382945876 1260468305 1345869394 1429458544 881354183.4 1089288586 768542442.6 1767917164 880565407.5 1394542974 874770435.4 1141355925 777230469 991072866.1 463090942.5 784864323.8 807026007.1 1176281093 976476555.8 1096980955 1103712552 1111533769 864121547.2 646954066.1 705304315.2 898738871.6 690316138.6 500061236.6 677670008.2 821529235.2 837397689.3 728825642 0 0 0 0 0 0 0 0 0 
0 0 0 0 0 0 0 0 0 472713773.4 805548891.2 984285787.2 430977748.2 393833549.8 780511628.7 533615304.6 1006913025 542859511.1 536134289.8 740772524.7 398875325.7 426074745.4 256177324.5 658203024 642116155.8 362604550.6 513855960.3 514949034.1 436229260.6 729119792 746256654.2 757063425.4 520449060 610220979.3 365055590.7 247977695 944841669.6 275732217.6 392224117.4 443541200.7 448757583.8 775632821.2 363316715.8 352592177.6 335815319.3 516120510.8 651267248.8 496085014.1 471729378.4 572532448 643678818 531476492.9 450907956 372515404.8 406690975.9 1385913850 530504180.7 515050300.5 480854515.6 369898371.2 589890927.9 575513823.3 564994744.6 157506945.6 317276365 315984015.8 692633561.7 500152967.4 279831447.5 580468251.8 484452233.4 176660624.2 211994562.5 507791357.8 543511345.1 500640040 866340071.3 303192123.9 562815416.4 278208157.5 528696464.1 0 0 0 0 0 0 0 0 0 
0 0 0 0 0 0 0 0 0 0 0 0 0 0 0 0 0 0 0 0 0 0 0 0 0 0 0 0 0 0 0 0 0 0 0 0 0 0 0 0 0 0 0 0 0 0 0 0 0 0 0 0 0 0 0 0 0 0 0 0 0 0 0 0 0 0 0 0 0 0 0 0 0 0 0 0 0 0 0 0 0 0 0 0 0 0 0 0 0 0 
0 0 0 0 0 0 0 0 0 0 0 0 0 0 0 0 0 0 0 0 0 0 0 0 0 0 0 0 0 0 0 0 0 0 0 0 0 0 0 0 0 0 0 0 0 0 0 0 0 0 0 0 0 0 0 0 0 0 0 0 0 0 0 0 0 0 0 0 0 0 0 0 0 0 0 0 0 0 0 0 0 0 0 0 0 0 0 0 0 0 
0 0 0 0 0 0 0 0 0 0 0 0 0 0 0 0 0 0 0 0 0 0 0 0 0 0 0 0 0 0 0 0 0 0 0 0 0 0 0 0 0 0 0 0 0 0 0 0 0 0 0 0 0 0 0 0 0 0 0 0 0 0 0 0 0 0 0 0 0 0 0 0 0 0 0 0 0 0 0 0 0 0 0 0 0 0 0 0 0 0 
0 0 0 0 0 0 0 0 0 0 0 0 0 0 0 0 0 0 0 0 0 0 0 0 0 0 0 0 0 0 0 0 0 0 0 0 0 0 0 0 0 0 0 0 0 0 0 0 0 0 0 0 0 0 0 0 0 0 0 0 0 0 0 0 0 0 0 0 0 0 0 0 0 0 0 0 0 0 0 0 0 0 0 0 0 0 0 0 0 0 
0 0 0 0 0 0 0 0 0 0 0 0 0 0 0 0 0 0 0 0 0 0 0 0 0 0 0 0 0 0 0 0 0 0 0 0 0 0 0 0 0 0 0 0 0 0 0 0 0 0 0 0 0 0 0 0 0 0 0 0 0 0 0 0 0 0 0 0 0 0 0 0 0 0 0 0 0 0 0 0 0 0 0 0 0 0 0 0 0 0 
0 0 0 0 0 0 0 0 0 0 0 0 0 0 0 0 0 0 0 0 0 0 0 0 0 0 0 0 0 0 0 0 0 0 0 0 0 0 0 0 0 0 0 0 0 0 0 0 0 0 0 0 0 0 0 0 0 0 0 0 0 0 0 0 0 0 0 0 0 0 0 0 0 0 0 0 0 0 0 0 0 0 0 0 0 0 0 0 0 0 
0 0 0 0 0 0 0 0 0 0 0 0 0 0 0 0 0 0 0 0 0 0 0 0 0 0 0 0 0 0 0 0 0 0 0 0 0 0 0 0 0 0 0 0 0 0 0 0 0 0 0 0 0 0 0 0 0 0 0 0 0 0 0 0 0 0 0 0 0 0 0 0 0 0 0 0 0 0 0 0 0 0 0 0 0 0 0 0 0 0 
0 0 0 0 0 0 0 0 0 0 0 0 0 0 0 0 0 0 0 0 0 0 0 0 0 0 0 0 0 0 0 0 0 0 0 0 0 0 0 0 0 0 0 0 0 0 0 0 0 0 0 0 0 0 0 0 0 0 0 0 0 0 0 0 0 0 0 0 0 0 0 0 0 0 0 0 0 0 0 0 0 0 0 0 0 0 0 0 0 0 
0 0 0 0 0 0 0 0 0 0 0 0 0 0 0 0 0 0 0 0 0 0 0 0 0 0 0 0 0 0 0 0 0 0 0 0 0 0 0 0 0 0 0 0 0 0 0 0 0 0 0 0 0 0 0 0 0 0 0 0 0 0 0 0 0 0 0 0 0 0 0 0 0 0 0 0 0 0 0 0 0 0 0 0 0 0 0 0 0 0 
0 0 0 0 0 0 0 0 0 0 0 0 0 0 0 0 0 0 0 0 0 0 0 0 0 0 0 0 0 0 0 0 0 0 0 0 0 0 0 0 0 0 0 0 0 0 0 0 0 0 0 0 0 0 0 0 0 0 0 0 0 0 0 0 0 0 0 0 0 0 0 0 0 0 0 0 0 0 0 0 0 0 0 0 0 0 0 0 0 0 
0 0 0 0 0 0 0 0 0 0 0 0 0 0 0 0 0 0 0 0 0 0 0 0 0 0 0 0 0 0 0 0 0 0 0 0 0 0 0 0 0 0 0 0 0 0 0 0 0 0 0 0 0 0 0 0 0 0 0 0 0 0 0 0 0 0 0 0 0 0 0 0 0 0 0 0 0 0 0 0 0 0 0 0 0 0 0 0 0 0 
0 0 0 0 0 0 0 0 0 0 0 0 0 0 0 0 0 0 0 0 0 0 0 0 0 0 0 0 0 0 0 0 0 0 0 0 0 0 0 0 0 0 0 0 0 0 0 0 0 0 0 0 0 0 0 0 0 0 0 0 0 0 0 0 0 0 0 0 0 0 0 0 0 0 0 0 0 0 0 0 0 0 0 0 0 0 0 0 0 0 
0 0 0 0 0 0 0 0 0 0 0 0 0 0 0 0 0 0 0 0 0 0 0 0 0 0 0 0 0 0 0 0 0 0 0 0 0 0 0 0 0 0 0 0 0 0 0 0 0 0 0 0 0 0 0 0 0 0 0 0 0 0 0 0 0 0 0 0 0 0 0 0 0 0 0 0 0 0 0 0 0 0 0 0 0 0 0 0 0 0 
0 0 0 0 0 0 0 0 0 0 0 0 0 0 0 0 0 0 0 0 0 0 0 0 0 0 0 0 0 0 0 0 0 0 0 0 0 0 0 0 0 0 0 0 0 0 0 0 0 0 0 0 0 0 0 0 0 0 0 0 0 0 0 0 0 0 0 0 0 0 0 0 0 0 0 0 0 0 0 0 0 0 0 0 0 0 0 0 0 0 
0 0 0 0 0 0 0 0 0 0 0 0 0 0 0 0 0 0 0 0 0 0 0 0 0 0 0 0 0 0 0 0 0 0 0 0 0 0 0 0 0 0 0 0 0 0 0 0 0 0 0 0 0 0 0 0 0 0 0 0 0 0 0 0 0 0 0 0 0 0 0 0 0 0 0 0 0 0 0 0 0 0 0 0 0 0 0 0 0 0 
0 0 0 0 0 0 0 0 0 0 0 0 0 0 0 0 0 0 0 0 0 0 0 0 0 0 0 0 0 0 0 0 0 0 0 0 0 0 0 0 0 0 0 0 0 0 0 0 0 0 0 0 0 0 0 0 0 0 0 0 0 0 0 0 0 0 0 0 0 0 0 0 0 0 0 0 0 0 0 0 0 0 0 0 0 0 0 0 0 0 
0 0 0 0 0 0 0 0 0 0 0 0 0 0 0 0 0 0 0 0 0 0 0 0 0 0 0 0 0 0 0 0 0 0 0 0 0 0 0 0 0 0 0 0 0 0 0 0 0 0 0 0 0 0 0 0 0 0 0 0 0 0 0 0 0 0 0 0 0 0 0 0 0 0 0 0 0 0 0 0 0 0 0 0 0 0 0 0 0 0 
0 0 0 0 0 0 0 0 0 0 0 0 0 0 0 0 0 0 0 0 0 0 0 0 0 0 0 0 0 0 0 0 0 0 0 0 0 0 0 0 0 0 0 0 0 0 0 0 0 0 0 0 0 0 0 0 0 0 0 0 0 0 0 0 0 0 0 0 0 0 0 0 0 0 0 0 0 0 0 0 0 0 0 0 0 0 0 0 0 0 
0 0 0 0 0 0 0 0 0 0 0 0 0 0 0 0 0 0 0 0 0 0 0 0 0 0 0 0 0 0 0 0 0 0 0 0 0 0 0 0 0 0 0 0 0 0 0 0 0 0 0 0 0 0 0 0 0 0 0 0 0 0 0 0 0 0 0 0 0 0 0 0 0 0 0 0 0 0 0 0 0 0 0 0 0 0 0 0 0 0 
0 0 0 0 0 0 0 0 0 0 0 0 0 0 0 0 0 0 0 0 0 0 0 0 0 0 0 0 0 0 0 0 0 0 0 0 0 0 0 0 0 0 0 0 0 0 0 0 0 0 0 0 0 0 0 0 0 0 0 0 0 0 0 0 0 0 0 0 0 0 0 0 0 0 0 0 0 0 0 0 0 0 0 0 0 0 0 0 0 0 
0 0 0 0 0 0 0 0 0 0 0 0 0 0 0 0 0 0 0 0 0 0 0 0 0 0 0 0 0 0 0 0 0 0 0 0 0 0 0 0 0 0 0 0 0 0 0 0 0 0 0 0 0 0 0 0 0 0 0 0 0 0 0 0 0 0 0 0 0 0 0 0 0 0 0 0 0 0 0 0 0 0 0 0 0 0 0 0 0 0 
0 0 0 0 0 0 0 0 0 0 0 0 0 0 0 0 0 0 0 0 0 0 0 0 0 0 0 0 0 0 0 0 0 0 0 0 0 0 0 0 0 0 0 0 0 0 0 0 0 0 0 0 0 0 0 0 0 0 0 0 0 0 0 0 0 0 0 0 0 0 0 0 0 0 0 0 0 0 0 0 0 0 0 0 0 0 0 0 0 0 
0 0 0 0 0 0 0 0 0 0 0 0 0 0 0 0 0 0 0 0 0 0 0 0 0 0 0 0 0 0 0 0 0 0 0 0 0 0 0 0 0 0 0 0 0 0 0 0 0 0 0 0 0 0 0 0 0 0 0 0 0 0 0 0 0 0 0 0 0 0 0 0 0 0 0 0 0 0 0 0 0 0 0 0 0 0 0 0 0 0 
0 0 0 0 0 0 0 0 0 0 0 0 0 0 0 0 0 0 0 0 0 0 0 0 0 0 0 0 0 0 0 0 0 0 0 0 0 0 0 0 0 0 0 0 0 0 0 0 0 0 0 0 0 0 0 0 0 0 0 0 0 0 0 0 0 0 0 0 0 0 0 0 0 0 0 0 0 0 0 0 0 0 0 0 0 0 0 0 0 0 
0 0 0 0 0 0 0 0 0 0 0 0 0 0 0 0 0 0 0 0 0 0 0 0 0 0 0 0 0 0 0 0 0 0 0 0 0 0 0 0 0 0 0 0 0 0 0 0 0 0 0 0 0 0 0 0 0 0 0 0 0 0 0 0 0 0 0 0 0 0 0 0 0 0 0 0 0 0 0 0 0 0 0 0 0 0 0 0 0 0 
0 0 0 0 0 0 0 0 0 0 0 0 0 0 0 0 0 0 0 0 0 0 0 0 0 0 0 0 0 0 0 0 0 0 0 0 0 0 0 0 0 0 0 0 0 0 0 0 0 0 0 0 0 0 0 0 0 0 0 0 0 0 0 0 0 0 0 0 0 0 0 0 0 0 0 0 0 0 0 0 0 0 0 0 0 0 0 0 0 0 
0 0 0 0 0 0 0 0 0 0 0 0 0 0 0 0 0 0 0 0 0 0 0 0 0 0 0 0 0 0 0 0 0 0 0 0 0 0 0 0 0 0 0 0 0 0 0 0 0 0 0 0 0 0 0 0 0 0 0 0 0 0 0 0 0 0 0 0 0 0 0 0 0 0 0 0 0 0 0 0 0 0 0 0 0 0 0 0 0 0 
0 0 0 0 0 0 0 0 0 0 0 0 0 0 0 0 0 0 0 0 0 0 0 0 0 0 0 0 0 0 0 0 0 0 0 0 0 0 0 0 0 0 0 0 0 0 0 0 0 0 0 0 0 0 0 0 0 0 0 0 0 0 0 0 0 0 0 0 0 0 0 0 0 0 0 0 0 0 0 0 0 0 0 0 0 0 0 0 0 0 
0 0 0 0 0 0 0 0 0 0 0 0 0 0 0 0 0 0 0 0 0 0 0 0 0 0 0 0 0 0 0 0 0 0 0 0 0 0 0 0 0 0 0 0 0 0 0 0 0 0 0 0 0 0 0 0 0 0 0 0 0 0 0 0 0 0 0 0 0 0 0 0 0 0 0 0 0 0 0 0 0 0 0 0 0 0 0 0 0 0 
0 0 0 0 0 0 0 0 0 0 0 0 0 0 0 0 0 0 0 0 0 0 0 0 0 0 0 0 0 0 0 0 0 0 0 0 0 0 0 0 0 0 0 0 0 0 0 0 0 0 0 0 0 0 0 0 0 0 0 0 0 0 0 0 0 0 0 0 0 0 0 0 0 0 0 0 0 0 0 0 0 0 0 0 0 0 0 0 0 0 
0 0 0 0 0 0 0 0 0 0 0 0 0 0 0 0 0 0 0 0 0 0 0 0 0 0 0 0 0 0 0 0 0 0 0 0 0 0 0 0 0 0 0 0 0 0 0 0 0 0 0 0 0 0 0 0 0 0 0 0 0 0 0 0 0 0 0 0 0 0 0 0 0 0 0 0 0 0 0 0 0 0 0 0 0 0 0 0 0 0 
0 0 0 0 0 0 0 0 0 0 0 0 0 0 0 0 0 0 0 0 0 0 0 0 0 0 0 0 0 0 0 0 0 0 0 0 0 0 0 0 0 0 0 0 0 0 0 0 0 0 0 0 0 0 0 0 0 0 0 0 0 0 0 0 0 0 0 0 0 0 0 0 0 0 0 0 0 0 0 0 0 0 0 0 0 0 0 0 0 0 
0 0 0 0 0 0 0 0 0 0 0 0 0 0 0 0 0 0 0 0 0 0 0 0 0 0 0 0 0 0 0 0 0 0 0 0 0 0 0 0 0 0 0 0 0 0 0 0 0 0 0 0 0 0 0 0 0 0 0 0 0 0 0 0 0 0 0 0 0 0 0 0 0 0 0 0 0 0 0 0 0 0 0 0 0 0 0 0 0 0 
0 0 0 0 0 0 0 0 0 0 0 0 0 0 0 0 0 0 0 0 0 0 0 0 0 0 0 0 0 0 0 0 0 0 0 0 0 0 0 0 0 0 0 0 0 0 0 0 0 0 0 0 0 0 0 0 0 0 0 0 0 0 0 0 0 0 0 0 0 0 0 0 0 0 0 0 0 0 0 0 0 0 0 0 0 0 0 0 0 0 
0 0 0 0 0 0 0 0 0 0 0 0 0 0 0 0 0 0 0 0 0 0 0 0 0 0 0 0 0 0 0 0 0 0 0 0 0 0 0 0 0 0 0 0 0 0 0 0 0 0 0 0 0 0 0 0 0 0 0 0 0 0 0 0 0 0 0 0 0 0 0 0 0 0 0 0 0 0 0 0 0 0 0 0 0 0 0 0 0 0 
0 0 0 0 0 0 0 0 0 0 0 0 0 0 0 0 0 0 0 0 0 0 0 0 0 0 0 0 0 0 0 0 0 0 0 0 0 0 0 0 0 0 0 0 0 0 0 0 0 0 0 0 0 0 0 0 0 0 0 0 0 0 0 0 0 0 0 0 0 0 0 0 0 0 0 0 0 0 0 0 0 0 0 0 0 0 0 0 0 0 
# Errors [PSD_Backtrace/PSD_Backtrace.dat] I_err:
0 0 0 0 0 0 0 0 0 0 0 0 0 0 0 0 0 0 0 0 0 0 0 0 0 0 0 0 0 0 0 0 0 0 0 0 0 0 0 0 0 0 0 0 0 0 0 0 0 0 0 0 0 0 0 0 0 0 0 0 0 0 0 0 0 0 0 0 0 0 0 0 0 0 0 0 0 0 0 0 0 0 0 0 0 0 0 0 0 0 
0 0 0 0 0 0 0 0 0 0 0 0 0 0 0 0 0 0 0 0 0 0 0 0 0 0 0 0 0 0 0 0 0 0 0 0 0 0 0 0 0 0 0 0 0 0 0 0 0 0 0 0 0 0 0 0 0 0 0 0 0 0 0 0 0 0 0 0 0 0 0 0 0 0 0 0 0 0 0 0 0 0 0 0 0 0 0 0 0 0 
0 0 0 0 0 0 0 0 0 0 0 0 0 0 0 0 0 0 0 0 0 0 0 0 0 0 0 0 0 0 0 0 0 0 0 0 0 0 0 0 0 0 0 0 0 0 0 0 0 0 0 0 0 0 0 0 0 0 0 0 0 0 0 0 0 0 0 0 0 0 0 0 0 0 0 0 0 0 0 0 0 0 0 0 0 0 0 0 0 0 
0 0 0 0 0 0 0 0 0 0 0 0 0 0 0 0 0 0 0 0 0 0 0 0 0 0 0 0 0 0 0 0 0 0 0 0 0 0 0 0 0 0 0 0 0 0 0 0 0 0 0 0 0 0 0 0 0 0 0 0 0 0 0 0 0 0 0 0 0 0 0 0 0 0 0 0 0 0 0 0 0 0 0 0 0 0 0 0 0 0 
0 0 0 0 0 0 0 0 0 0 0 0 0 0 0 0 0 0 0 0 0 0 0 0 0 0 0 0 0 0 0 0 0 0 0 0 0 0 0 0 0 0 0 0 0 0 0 0 0 0 0 0 0 0 0 0 0 0 0 0 0 0 0 0 0 0 0 0 0 0 0 0 0 0 0 0 0 0 0 0 0 0 0 0 0 0 0 0 0 0 
0 0 0 0 0 0 0 0 0 0 0 0 0 0 0 0 0 0 0 0 0 0 0 0 0 0 0 0 0 0 0 0 0 0 0 0 0 0 0 0 0 0 0 0 0 0 0 0 0 0 0 0 0 0 0 0 0 0 0 0 0 0 0 0 0 0 0 0 0 0 0 0 0 0 0 0 0 0 0 0 0 0 0 0 0 0 0 0 0 0 
0 0 0 0 0 0 0 0 0 0 0 0 0 0 0 0 0 0 0 0 0 0 0 0 0 0 0 0 0 0 0 0 0 0 0 0 0 0 0 0 0 0 0 0 0 0 0 0 0 0 0 0 0 0 0 0 0 0 0 0 0 0 0 0 0 0 0 0 0 0 0 0 0 0 0 0 0 0 0 0 0 0 0 0 0 0 0 0 0 0 
0 0 0 0 0 0 0 0 0 0 0 0 0 0 0 0 0 0 0 0 0 0 0 0 0 0 0 0 0 0 0 0 0 0 0 0 0 0 0 0 0 0 0 0 0 0 0 0 0 0 0 0 0 0 0 0 0 0 0 0 0 0 0 0 0 0 0 0 0 0 0 0 0 0 0 0 0 0 0 0 0 0 0 0 0 0 0 0 0 0 
0 0 0 0 0 0 0 0 0 0 0 0 0 0 0 0 0 0 0 0 0 0 0 0 0 0 0 0 0 0 0 0 0 0 0 0 0 0 0 0 0 0 0 0 0 0 0 0 0 0 0 0 0 0 0 0 0 0 0 0 0 0 0 0 0 0 0 0 0 0 0 0 0 0 0 0 0 0 0 0 0 0 0 0 0 0 0 0 0 0 
0 0 0 0 0 0 0 0 0 0 0 0 0 0 0 0 0 0 0 0 0 0 0 0 0 0 0 0 0 0 0 0 0 0 0 0 0 0 0 0 0 0 0 0 0 0 0 0 0 0 0 0 0 0 0 0 0 0 0 0 0 0 0 0 0 0 0 0 0 0 0 0 0 0 0 0 0 0 0 0 0 0 0 0 0 0 0 0 0 0 
0 0 0 0 0 0 0 0 0 0 0 0 0 0 0 0 0 0 0 0 0 0 0 0 0 0 0 0 0 0 0 0 0 0 0 0 0 0 0 0 0 0 0 0 0 0 0 0 0 0 0 0 0 0 0 0 0 0 0 0 0 0 0 0 0 0 0 0 0 0 0 0 0 0 0 0 0 0 0 0 0 0 0 0 0 0 0 0 0 0 
0 0 0 0 0 0 0 0 0 0 0 0 0 0 0 0 0 0 0 0 0 0 0 0 0 0 0 0 0 0 0 0 0 0 0 0 0 0 0 0 0 0 0 0 0 0 0 0 0 0 0 0 0 0 0 0 0 0 0 0 0 0 0 0 0 0 0 0 0 0 0 0 0 0 0 0 0 0 0 0 0 0 0 0 0 0 0 0 0 0 
0 0 0 0 0 0 0 0 0 0 0 0 0 0 0 0 0 0 0 0 0 0 0 0 0 0 0 0 0 0 0 0 0 0 0 0 0 0 0 0 0 0 0 0 0 0 0 0 0 0 0 0 0 0 0 0 0 0 0 0 0 0 0 0 0 0 0 0 0 0 0 0 0 0 0 0 0 0 0 0 0 0 0 0 0 0 0 0 0 0 
0 0 0 0 0 0 0 0 0 0 0 0 0 0 0 0 0 0 0 0 0 0 0 0 0 0 0 0 0 0 0 0 0 0 0 0 0 0 0 0 0 0 0 0 0 0 0 0 0 0 0 0 0 0 0 0 0 0 0 0 0 0 0 0 0 0 0 0 0 0 0 0 0 0 0 0 0 0 0 0 0 0 0 0 0 0 0 0 0 0 
0 0 0 0 0 0 0 0 0 0 0 0 0 0 0 0 0 0 0 0 0 0 0 0 0 0 0 0 0 0 0 0 0 0 0 0 0 0 0 0 0 0 0 0 0 0 0 0 0 0 0 0 0 0 0 0 0 0 0 0 0 0 0 0 0 0 0 0 0 0 0 0 0 0 0 0 0 0 0 0 0 0 0 0 0 0 0 0 0 0 
0 0 0 0 0 0 0 0 0 0 0 0 0 0 0 0 0 0 0 0 0 0 0 0 0 0 0 0 0 0 0 0 0 0 0 0 0 0 0 0 0 0 0 0 0 0 0 0 0 0 0 0 0 0 0 0 0 0 0 0 0 0 0 0 0 0 0 0 0 0 0 0 0 0 0 0 0 0 0 0 0 0 0 0 0 0 0 0 0 0 
0 0 0 0 0 0 0 0 0 0 0 0 0 0 0 0 0 0 0 0 0 0 0 0 0 0 0 0 0 0 0 0 0 0 0 0 0 0 0 0 0 0 0 0 0 0 0 0 0 0 0 0 0 0 0 0 0 0 0 0 0 0 0 0 0 0 0 0 0 0 0 0 0 0 0 0 0 0 0 0 0 0 0 0 0 0 0 0 0 0 
0 0 0 0 0 0 0 0 0 0 0 0 0 0 0 0 0 0 0 0 0 0 0 0 0 0 0 0 0 0 0 0 0 0 0 0 0 0 0 0 0 0 0 0 0 0 0 0 0 0 0 0 0 0 0 0 0 0 0 0 0 0 0 0 0 0 0 0 0 0 0 0 0 0 0 0 0 0 0 0 0 0 0 0 0 0 0 0 0 0 
0 0 0 0 0 0 0 0 0 0 0 0 0 0 0 0 0 0 0 0 0 0 0 0 0 0 0 0 0 0 0 0 0 0 0 0 0 0 0 0 0 0 0 0 0 0 0 0 0 0 0 0 0 0 0 0 0 0 0 0 0 0 0 0 0 0 0 0 0 0 0 0 0 0 0 0 0 0 0 0 0 0 0 0 0 0 0 0 0 0 
0 0 0 0 0 0 0 0 0 0 0 0 0 0 0 0 0 0 0 0 0 0 0 0 0 0 0 0 0 0 0 0 0 0 0 0 0 0 0 0 0 0 0 0 0 0 0 0 0 0 0 0 0 0 0 0 0 0 0 0 0 0 0 0 0 0 0 0 0 0 0 0 0 0 0 0 0 0 0 0 0 0 0 0 0 0 0 0 0 0 
0 0 0 0 0 0 0 0 0 0 0 0 0 0 0 0 0 0 0 0 0 0 0 0 0 0 0 0 0 0 0 0 0 0 0 0 0 0 0 0 0 0 0 0 0 0 0 0 0 0 0 0 0 0 0 0 0 0 0 0 0 0 0 0 0 0 0 0 0 0 0 0 0 0 0 0 0 0 0 0 0 0 0 0 0 0 0 0 0 0 
0 0 0 0 0 0 0 0 0 0 0 0 0 0 0 0 0 0 0 0 0 0 0 0 0 0 0 0 0 0 0 0 0 0 0 0 0 0 0 0 0 0 0 0 0 0 0 0 0 0 0 0 0 0 0 0 0 0 0 0 0 0 0 0 0 0 0 0 0 0 0 0 0 0 0 0 0 0 0 0 0 0 0 0 0 0 0 0 0 0 
0 0 0 0 0 0 0 0 0 0 0 0 0 0 0 0 0 0 0 0 0 0 0 0 0 0 0 0 0 0 0 0 0 0 0 0 0 0 0 0 0 0 0 0 0 0 0 0 0 0 0 0 0 0 0 0 0 0 0 0 0 0 0 0 0 0 0 0 0 0 0 0 0 0 0 0 0 0 0 0 0 0 0 0 0 0 0 0 0 0 
0 0 0 0 0 0 0 0 0 0 0 0 0 0 0 0 0 0 0 0 0 0 0 0 0 0 0 0 0 0 0 0 0 0 0 0 0 0 0 0 0 0 0 0 0 0 0 0 0 0 0 0 0 0 0 0 0 0 0 0 0 0 0 0 0 0 0 0 0 0 0 0 0 0 0 0 0 0 0 0 0 0 0 0 0 0 0 0 0 0 
0 0 0 0 0 0 0 0 0 0 0 0 0 0 0 0 0 0 0 0 0 0 0 0 0 0 0 0 0 0 0 0 0 0 0 0 0 0 0 0 0 0 0 0 0 0 0 0 0 0 0 0 0 0 0 0 0 0 0 0 0 0 0 0 0 0 0 0 0 0 0 0 0 0 0 0 0 0 0 0 0 0 0 0 0 0 0 0 0 0 
0 0 0 0 0 0 0 0 0 0 0 0 0 0 0 0 0 0 0 0 0 0 0 0 0 0 0 0 0 0 0 0 0 0 0 0 0 0 0 0 0 0 0 0 0 0 0 0 0 0 0 0 0 0 0 0 0 0 0 0 0 0 0 0 0 0 0 0 0 0 0 0 0 0 0 0 0 0 0 0 0 0 0 0 0 0 0 0 0 0 
0 0 0 0 0 0 0 0 0 0 0 0 0 0 0 0 0 0 0 0 0 0 0 0 0 0 0 0 0 0 0 0 0 0 0 0 0 0 0 0 0 0 0 0 0 0 0 0 0 0 0 0 0 0 0 0 0 0 0 0 0 0 0 0 0 0 0 0 0 0 0 0 0 0 0 0 0 0 0 0 0 0 0 0 0 0 0 0 0 0 
0 0 0 0 0 0 0 0 0 0 0 0 0 0 0 0 0 0 0 0 0 0 0 0 0 0 0 0 0 0 0 0 0 0 0 0 0 0 0 0 0 0 0 0 0 0 0 0 0 0 0 0 0 0 0 0 0 0 0 0 0 0 0 0 0 0 0 0 0 0 0 0 0 0 0 0 0 0 0 0 0 0 0 0 0 0 0 0 0 0 
0 0 0 0 0 0 0 0 0 0 0 0 0 0 0 0 0 0 0 0 0 0 0 0 0 0 0 0 0 0 0 0 0 0 0 0 0 0 0 0 0 0 0 0 0 0 0 0 0 0 0 0 0 0 0 0 0 0 0 0 0 0 0 0 0 0 0 0 0 0 0 0 0 0 0 0 0 0 0 0 0 0 0 0 0 0 0 0 0 0 
0 0 0 0 0 0 0 0 0 0 0 0 0 0 0 0 0 0 0 0 0 0 0 0 0 0 0 0 0 0 0 0 0 0 0 0 0 0 0 0 0 0 0 0 0 0 0 0 0 0 0 0 0 0 0 0 0 0 0 0 0 0 0 0 0 0 0 0 0 0 0 0 0 0 0 0 0 0 0 0 0 0 0 0 0 0 0 0 0 0 
0 0 0 0 0 0 0 0 0 0 0 0 0 0 0 0 0 0 0 0 0 0 0 0 0 0 0 0 0 0 0 0 0 0 0 0 0 0 0 0 0 0 0 0 0 0 0 0 0 0 0 0 0 0 0 0 0 0 0 0 0 0 0 0 0 0 0 0 0 0 0 0 0 0 0 0 0 0 0 0 0 0 0 0 0 0 0 0 0 0 
0 0 0 0 0 0 0 0 0 0 0 0 0 0 0 0 0 0 0 0 0 0 0 0 0 0 0 0 0 0 0 0 0 0 0 0 0 0 0 0 0 0 0 0 0 0 0 0 0 0 0 0 0 0 0 0 0 0 0 0 0 0 0 0 0 0 0 0 0 0 0 0 0 0 0 0 0 0 0 0 0 0 0 0 0 0 0 0 0 0 
0 0 0 0 0 0 0 0 0 0 0 0 0 0 0 0 0 0 0 0 0 0 0 0 0 0 0 0 0 0 0 0 0 0 0 0 0 0 0 0 0 0 0 0 0 0 0 0 0 0 0 0 0 0 0 0 0 0 0 0 0 0 0 0 0 0 0 0 0 0 0 0 0 0 0 0 0 0 0 0 0 0 0 0 0 0 0 0 0 0 
0 0 0 0 0 0 0 0 0 0 0 0 0 0 0 0 0 0 0 0 0 0 0 0 0 0 0 0 0 0 0 0 0 0 0 0 0 0 0 0 0 0 0 0 0 0 0 0 0 0 0 0 0 0 0 0 0 0 0 0 0 0 0 0 0 0 0 0 0 0 0 0 0 0 0 0 0 0 0 0 0 0 0 0 0 0 0 0 0 0 
0 0 0 0 0 0 0 0 0 0 0 0 0 0 0 0 0 0 0 0 0 0 0 0 0 0 0 0 0 0 0 0 0 0 0 0 0 0 0 0 0 0 0 0 0 0 0 0 0 0 0 0 0 0 0 0 0 0 0 0 0 0 0 0 0 0 0 0 0 0 0 0 0 0 0 0 0 0 0 0 0 0 0 0 0 0 0 0 0 0 
0 0 0 0 0 0 0 0 0 0 0 0 0 0 0 0 0 0 0 0 0 0 0 0 0 0 0 0 0 0 0 0 0 0 0 0 0 0 0 0 0 0 0 0 0 0 0 0 0 0 0 0 0 0 0 0 0 0 0 0 0 0 0 0 0 0 0 0 0 0 0 0 0 0 0 0 0 0 0 0 0 0 0 0 0 0 0 0 0 0 
0 0 0 0 0 0 0 0 0 75250447.74 107585625.4 180309150.7 197496988.8 126509776.6 187547368.5 116470495.6 138630729.4 347585830.3 213793347.6 243440928.8 123998565.5 103949292.3 123300329.2 83903940.2 152043705.2 176472548.1 155707676.8 514304048.5 166267234 188366405.5 225569957.9 145609002.4 296965220.9 107026590.1 78168293.31 116460949.8 223702750 177112511.7 113130909.8 305747066.7 138969945.2 197540824 175400160.2 256259979.2 138635802 109960946.7 120360471.3 247474817.6 126557448.7 133976340.2 125091452.3 103174878.7 144570442.2 190387964.4 104597595.5 113346959.6 81815704.33 72115354.49 157304107.9 150633377.5 126940565.1 94536464.78 189857233.3 254106507.7 181393029.6 138152361 207801616.6 155156070 85608198.98 154542760 591119803.3 170176242 48441974.66 139969756.8 126797713.5 80318215.32 261502274 79118270.08 157597933.7 93567088.07 194049653.4 0 0 0 0 0 0 0 0 0 
0 0 0 0 0 0 0 0 0 260392894.8 495691739.7 272632623.7 298273965.5 196793025.5 464432781.1 359033636.4 313605134.4 186768030.9 257203056.7 223463611.3 332303326.6 230301748.2 601171115.4 281173136.4 211998543.9 287509762.2 606588856.8 595382611.7 322273107.5 262585571 226625636.9 276750304.4 325717138.7 183372145.4 246420086.4 217735286.1 264718072.4 148050346.5 411035494.4 213526019.8 180299559.7 314033229.8 329192782.8 274869307.8 146506339.1 464838794.8 221968262.1 263237178.8 525314441.5 539452839.6 316067775.8 203892227.9 175844039.9 385248144.4 488955044.7 206134233.7 184124332 289068141.6 401112494.9 205805266.3 243286310.4 261893461.9 223160244.6 229110770.7 655393768.6 259724878.6 350253083.3 545213294.7 153560472.2 227351006.2 237945318.7 280455114 241534120.4 200317166.1 142346716.2 155601539.7 471283790.4 257405104.9 148805340.5 128876191.4 246514976.2 0 0 0 0 0 0 0 0 0 
0 0 0 0 0 0 0 0 0 566116394.7 303601981 354761088.1 336565022.8 530021576.4 435848672.3 346843821 444719328.9 461369298.8 370379775.8 371214474.8 621786961.6 335834541.4 281872597 471826490.1 419388223.1 431273985.6 406145155.2 296495024.2 421296550.5 500834214.3 266021523.1 438857232.8 697530442.6 508641246.9 574661812.8 304509909.9 388299242.8 323570750.6 372676572 658098585.3 903300926.4 5.835786759e+10 465132509 354998838.6 467528382.7 426709515.4 430212126.8 300341481.3 361090126.6 220013914.9 586742098.6 399812049.8 407417042.3 276653647.9 343058677.2 405910940.9 313757385.4 359507503.5 539736984.1 328153797.7 307779482 484319065.4 537717179.7 285174791.3 486584913.7 303663750.6 301165602.8 442107342.2 351249454.7 544936592.6 213764586.6 403936080.6 384809664.6 237255465.4 494542187.1 400322143.3 314194116.9 322110073.1 300032367.9 316732710.4 617564616.7 0 0 0 0 0 0 0 0 0 
0 0 0 0 0 0 0 0 0 236731514.1 521882974.6 453045829.9 410256542.1 496658936.3 657329168.1 740150801.3 519020509.6 436739566.3 786038931.4 416453214.7 681644920.9 386670072.6 581424977.2 628962695.3 502144719.9 619434661.5 641427987.1 498881717.3 703738022.6 546618486.2 653681609.4 882958782.9 607373617.7 663301166.8 653752555.9 560822944.1 570725492 578673470.5 590564660.6 548188194.3 769488923.3 539884856.3 612640011.7 737151812.2 606930474.9 554795163.8 552100796.7 588579571.9 397996899.8 720183440.8 379535128.6 483365335.7 673799042.7 548597848.9 533867595.1 786462727.6 471668818.4 390528110.5 691751509.3 557466230 427740875.1 645073849.9 634265039 512296230.6 487456980.3 514762272.6 499944324.5 607998003.4 649363355.3 545940039.2 459942657.6 436417235.1 333856324.3 574532567.5 639765163.3 527028993.7 504604612.5 364303733.6 437304848.3 546939474 544911375.5 0 0 0 0 0 0 0 0 0 
0 0 0 0 0 0 0 0 0 578803454.7 369881966.4 567910003.2 377451779 497114397.6 542835747.1 676858280.1 404222688.1 362885137 541917432.2 624040709.2 486614067.4 769017477.7 904167610.4 1259056651 1083300197 953029029.5 1066226535 1084608461 841647497.7 910726747.3 1194007376 927699171.1 842364803 1050984469 1055150117 941820737.1 1164967867 1055880783 925165235.2 1010699522 941156334.3 933097271.8 810560102 923356247.5 813309680.6 925158637.2 715634756.6 679833233.9 653854639.6 687682049.9 840369428.3 748787346.7 1408068859 628671037.3 865896393.1 592615411.1 660980046.9 614342238.2 657510227.7 745747915.4 610236881.8 566049318.7 607678514.8 605923216.6 734667777.6 758927494.9 710779346.7 737513913.9 665464772.7 727184811 941333028 1025562323 655514987.6 597331880.4 511692425.6 658739146.1 583955870.8 555157915.3 462767210.1 478879173.7 585386797.4 0 0 0 0 0 0 0 0 0 
0 0 0 0 0 0 0 0 0 355758516.7 434282924.9 531544298.5 469315890.2 474544954 504120539.5 537155098.8 549939735 490379195 654207221.1 836685961.1 684136973.1 643751645.3 993877181.9 1162089225 990299666.6 1317662215 1035609947 1267866932 1029758361 1179000112 1132472408 1161014264 1075142398 1072986624 991512080.5 1097127530 1050431144 1018465389 1088536916 1072087558 981422156.4 1078053512 815916558.2 711990900.7 750036811.4 737157411.8 599324230.2 576677803.2 523374547.9 608967696.1 651969068.6 598254285.3 572911535.4 657344670 535475864 637218507.4 709245342.5 541572445.2 539199301.8 797924815 574988018.8 580193264.7 723755867.4 687608988 908721596.6 1006257094 774595422.6 656383124.4 729288356.7 798518461.5 857334039.3 740702796.6 635887499.9 619513818.5 795637098 603570462.9 628257305.4 511933302.4 581689656 389668905 406182460.6 0 0 0 0 0 0 0 0 0 
0 0 0 0 0 0 0 0 0 377611255 580858950.4 400515464.6 505248919.8 617408272 503900118.2 670294235.8 677578273.7 462065370.6 561256145.9 638491701.3 608120631.7 740684823 1021386847 1013444937 975567519.4 890092516.7 943660803.6 1035981925 1131162402 1003021921 953280658.8 932801056 923115861.4 1.388689746e+11 1102890687 1171330024 906733421.7 1019143493 1019860164 979829791.5 910635284.1 1011652261 902919767.2 688391111.3 870400985.5 608792424.6 680198373 626667670.7 486602860.3 596446033.1 962359183 679653298 633332199 636027378.5 648933073.2 650473337.6 760661564.7 588910639.4 635699977 607298113.4 673568794.4 727869967 775661924 787331746.4 863456400.5 937877319.7 770905990.9 684233944.8 857788188.4 664777418.8 731550984.9 678175028.4 571447855.5 712511887.1 467446950.5 910738473.4 568681961 683730195.7 397786199.3 473326415.2 503602551.4 0 0 0 0 0 0 0 0 0 
0 0 0 0 0 0 0 0 0 328389578.5 404960306.8 372473095.2 386854521.4 678113181.3 459941569.3 551095008.6 478765029 653833664.7 1161499587 526598869.7 601238136.6 698194736 1104135553 921029495.8 1052211077 990771391.3 4.717718551e+10 991670838.8 1029473240 991301399.4 1024193170 1.165826466e+11 977980646.5 1036811914 959264989.8 1030744746 959227453.1 995499296.1 985440959.7 853689929 1016300322 1002229170 933626892.9 979416157.3 593705289.2 567889316.3 743301596.4 563419862.6 525229198.5 646639800.4 522357003.3 784813762.7 627833139.3 672132185.5 707787473.1 559770869.6 545166456.9 641144789 546802554.7 505978706.2 510319814.2 805272000.5 811313125.4 1023693530 714951174.9 878064274.7 780852301.8 780419264.3 813774497.8 801911558.6 711930132.8 684868785.9 711755198.6 738068246 836198394.6 516310859.6 704157452.1 469631437.7 466699447.6 334600211.7 686541233.4 0 0 0 0 0 0 0 0 0 
0 0 0 0 0 0 0 0 0 281448078.2 368446552.8 395128339.6 491849792.5 450154667.6 595307810.6 518201892.4 465968898.3 479795041 678504150.5 632076152.9 642219721.8 792166403 943171620.7 857160627.3 1134634537 1081468743 7.174783187e+10 1016723460 1.100709202e+11 941047746.8 1011498586 893395529.7 1007505007 969325382.7 983422440.6 982301315.4 1069579757 1034921616 991882552 992204232.8 933501109 806381452.2 1116092563 717466475.1 667403081.4 669297793.5 879916214 624919043.7 696003403.9 581393933 609612989.9 696142638.3 669088814.9 731151967.2 758498047.9 548278444.7 602369740.7 519313004 588555859.7 564493261.2 579781746.7 706809633.8 703586394.6 648834362.1 855830273 677790284 782603518.5 693187442.1 650426840.7 676115866.7 668686668.4 804106085.2 568898065.7 554529547.7 556843175.1 537234528.5 488760858.7 1.108839695e+11 497820694.5 421640677.4 427995921.4 0 0 0 0 0 0 0 0 0 
0 0 0 0 0 0 0 0 0 311174777.6 475149856.3 482067410 478983496.2 439634373.4 477377215.6 593728233.9 614626017.4 589200268.9 658003709.3 637930139.7 608774495.6 1008092776 1048965175 884310890.9 1170606678 944950154.7 934202064 1108523543 981867329.2 1151687451 944284675.7 1035315300 1163319836 1061305606 1096033993 959548056.1 984444050.6 1019611819 848285716.9 1049668158 959167633.3 947023549.3 965366822.7 705246864.6 647714324.3 654694685.2 659228179.8 532113351.2 549652611.9 645340517.2 624036194.2 634215898 547642071.1 557599032.6 666052209.6 662993531.6 596992254 613476126.2 546260737.2 584967965.3 545361136 551138472.6 648713486.8 845600443.3 774914428.7 805758112.7 730446972.4 881651697.4 771258566.8 795752352.8 664296507.3 733898562.5 568380467.6 709712767.2 559856410.2 566803914.1 365837567.7 530216666.3 455118775.5 349259486.3 394593283.2 0 0 0 0 0 0 0 0 0 
0 0 0 0 0 0 0 0 0 679122122.3 374519145.6 1137572828 574606228.1 479299259.9 643505633.6 521190027.5 467438136.6 535943109.3 655300438.2 568034365.4 598099289.4 974437348.5 982411483.9 1117839888 1128311475 7.801655343e+10 1146907223 988370042.1 1033837241 1050060463 934885776.3 979087256.5 931605796.5 935944338.8 997886642.2 887467555.4 993855290.7 1006390669 1052218929 954334273.1 918013972.6 926566279.9 756951848.1 700163789.9 593972756.4 653300511.8 615739973.8 500329208.9 644181741 548299017.6 554141547.6 977391872.9 627360559.3 544513804.4 778424309 745930933.3 604502414 896330161.7 574175180.9 5.080780258e+10 585887235.4 543824237.9 820238292.6 734778912 3.96835178e+10 867246468.6 792382807.8 696173893 701705095.9 711333372.1 667710275.9 945295494.6 643311884.4 573037040.7 978839472.7 634140668.3 536049926.3 507512123.4 519278455.8 381234888.2 487975814.4 0 0 0 0 0 0 0 0 0 
0 0 0 0 0 0 0 0 0 258154788.1 373994090.9 507488782.4 516560765.8 412420284.9 433804895.5 521900151.5 428091616.4 512695245.9 657521157.9 650126413.8 477098353.6 726702625.7 1028110298 1065921128 926488365.3 1257331657 1132260804 978904159.6 1030485406 941865949.7 1004022711 996072827.4 1052353058 1040441099 1087711934 967694933.6 1026300998 1077376489 1075200819 1034406328 951866373.5 892001526.5 801034943.2 791176577.9 829012564.4 644106386.3 522890906.1 628818949.8 540055878.6 461972495.2 736669240.8 616999034.3 642041474.5 621304303.1 769855260.1 595956115.2 801152204.6 547729753.6 625760190 583627585.9 596117923 686200538.2 685656004.6 781853106.3 824611173.5 804461225.5 695605767 1061547488 670474338 1900026668 748108776.9 7.833296712e+10 643907361.8 795724548.5 674789855.4 434744727.9 626946787.4 675594999.8 414575086 498947795.1 599777290.2 0 0 0 0 0 0 0 0 0 
0 0 0 0 0 0 0 0 0 361091029.5 338319768.3 428797343.7 467770166.1 482933561.9 605925518.1 438088108.3 633859426 623835389.6 660081436.6 585067667.9 672130804.1 635833711.2 1004903972 1189603593 1002506882 968972031.7 1209085108 1124677215 1117114521 1402010203 1072578172 980428764.8 986513336.5 1.0568875e+11 1037095117 992892143.5 1135070602 935283791.5 1099831296 7.80187278e+10 1103839343 931050037.7 901477927.3 938863825.8 856059552.9 720764480 598056885.9 569240928.1 663769055.3 666355888.8 576833923.4 698782444.1 613232615.7 571846213.7 856106433.7 540387632.8 6.985156693e+10 726739369.2 637747417.1 550262998.3 589962820 589615894 682231660.8 735739986.4 803957073.4 908123127.2 714031218.8 802737326.6 930835475.2 750163285.3 661408993.3 632213787.9 726792577.7 748384364.9 540139476.6 385959136.8 610960189.7 487774159.8 506880980.8 595237773.6 763556055.2 0 0 0 0 0 0 0 0 0 
0 0 0 0 0 0 0 0 0 337349685.6 399347553.1 422179727.3 398691430.1 608849359.6 470138064.1 399256509.3 580247774 485624920.1 544003449.5 685839833.4 717307492.5 1075215507 871210024.5 761112625.2 996236215.6 1145706696 997579272.2 936565330 1051649046 972283152.3 1045278470 966769114.9 866489267.1 1120491787 827769764.1 1281461799 887942671.2 1102411510 1016881888 1141517600 994095408.1 1019473287 922733807.9 634180908.9 761549982.4 910461193.2 857758438.5 674897169 507944039 741427735.1 684603620.1 651479640 779488969.9 793206835.4 586862236.7 774783754.7 623662290.3 648139936.9 641918210.9 575325800 688874773.3 712865496.6 1045472214 712189357.6 961465498.2 706600864.4 731728193.8 647117096 805230791.2 754799366.2 839753760.5 580668997 707197667.2 577090788.6 572726124.6 505835892.8 652285739.1 577324842.8 483232930.2 521140854.6 767164312 0 0 0 0 0 0 0 0 0 
0 0 0 0 0 0 0 0 0 328243605.9 753501907.1 542141133.9 395064413.9 392764899.5 435564801.2 410583846.1 354899795.7 549058315.1 614005167.8 630322482.5 416551486.1 703105765.9 604234687.7 557035097.4 576406610.3 683056627.9 503795492.5 734770821.1 587503234.1 513820145.5 504980479.8 822785249.2 525457708.5 632301053.5 430747130.7 451806035 632336396.2 593028107.3 592100566.2 591268659.2 423501099.9 544340734.1 594872036.5 674354378.2 606944966.8 444903235.5 427712612.5 646476865.6 914556315.6 498653235.3 525323195.9 489306632.5 432810446.3 545539966 489655319 759714367 502072914.6 562875555.5 528392658.1 645582482.1 487947308.2 446037217.2 697648171.9 490564865.7 473393142 451077632.7 381652786.5 418685739 474468709.5 424389613.9 480485222.1 459463181.3 455757786.2 527450036.4 406762393.4 338908254.8 328216218.2 530473217.6 463029761.4 315495198.4 389058368.9 0 0 0 0 0 0 0 0 0 
0 0 0 0 0 0 0 0 0 364841179.4 239868021.6 362979270.6 301035432.2 347068197.4 561133601.2 356188383.6 645110551.2 461773965.1 523267592.2 387689394.9 297609636.8 301711561.1 332969370.6 541117281.4 324669601.8 322277916.4 287510639.1 397565233 455255698.2 335257493.6 462851981.5 347516174.6 526630542.4 261272235.1 455456022.8 231780056.6 388780269.6 2046121727 383230002.3 238218096 332485069.3 309224514.5 304722617.3 436403712.1 405543269.4 354764026.6 483712976.9 247345733.5 458844985.2 450212651.1 265350807.5 463159774.2 336795836 824559229.7 349481732.7 441302347.8 603305636.1 204747904.6 222443596.1 350582373.7 248229748.8 445121634.8 352530821.9 209309985.7 665505666.8 465752297.1 209733597.6 515847253.9 370173916.6 431523362.5 335836949.1 325633976.2 346530881.4 355973596.9 272858650.7 221167806.7 384813280.7 272705437.7 228669266.3 303683701.1 260726894.6 0 0 0 0 0 0 0 0 0 
0 0 0 0 0 0 0 0 0 137114768.4 172896905.3 358296492.3 221068302.9 281381914.3 403390366.6 217331493.8 411736221.3 216568319.3 201975466.2 989505365.5 289472600.5 264512602.1 320430996.2 199379178.6 179893990.8 345134885.3 225242530.3 187430543.6 367002325.6 302024990.7 518600204.2 339193525.3 222289814.8 230326542 263874742.2 187624004.7 226063670.7 371895247.1 282279704.4 295506387.2 335366788.9 276144528.4 292294135.1 293947516 253240341.2 184117370.2 246094186 283025165.1 225717492.6 220867132.2 233103891.7 274462547.7 338482619 187771573.8 258077054.5 159094887.9 360601645.1 140171341.1 225518242.2 167644390.7 266878383 144903362.6 169059034.6 90514212.3 205588236.4 135087474.3 310349716.5 218820818.7 226810443.9 272157436 255060331.9 185408087.4 125402558.6 145210961.4 233119641.9 157775914.3 131308127.5 165071050.5 200257419.8 197173232.5 138904000.8 0 0 0 0 0 0 0 0 0 
0 0 0 0 0 0 0 0 0 137150200.2 254910278.4 368078225.4 127800637.1 101369082.8 223079216.6 163033110.8 350175554 131259650.4 117788270.1 186437475.4 87149101.63 99411980.86 83870145.71 302860513.2 184225005 106429092.4 200807253.2 274450288.5 131521636.1 186044817.7 220536752 202095418.3 114598070 182050781.7 94616617.82 106077207.9 284748389.1 83806358.56 94394298.07 128820714.1 138534292.8 209826289.4 87813717.46 94550743.65 90614778.95 151455747.6 260702701.9 241650255.4 158381321.7 200223408.4 174688123.7 184187042.8 144203781.7 107202990.4 125139771.2 791328895.7 172600480.8 165072764.4 135305629.3 106037144.3 177281477.1 140072267.7 149978611.9 42658641.1 83339380.89 88566468.05 170785838.2 155551372.7 90031997.06 193725387.7 171973298.2 71246227.38 53224591.76 133376162.7 206763598 171156261.7 388706272.5 86143083.45 201770959.6 90894900.61 155645884.9 0 0 0 0 0 0 0 0 0 
0 0 0 0 0 0 0 0 0 0 0 0 0 0 0 0 0 0 0 0 0 0 0 0 0 0 0 0 0 0 0 0 0 0 0 0 0 0 0 0 0 0 0 0 0 0 0 0 0 0 0 0 0 0 0 0 0 0 0 0 0 0 0 0 0 0 0 0 0 0 0 0 0 0 0 0 0 0 0 0 0 0 0 0 0 0 0 0 0 0 
0 0 0 0 0 0 0 0 0 0 0 0 0 0 0 0 0 0 0 0 0 0 0 0 0 0 0 0 0 0 0 0 0 0 0 0 0 0 0 0 0 0 0 0 0 0 0 0 0 0 0 0 0 0 0 0 0 0 0 0 0 0 0 0 0 0 0 0 0 0 0 0 0 0 0 0 0 0 0 0 0 0 0 0 0 0 0 0 0 0 
0 0 0 0 0 0 0 0 0 0 0 0 0 0 0 0 0 0 0 0 0 0 0 0 0 0 0 0 0 0 0 0 0 0 0 0 0 0 0 0 0 0 0 0 0 0 0 0 0 0 0 0 0 0 0 0 0 0 0 0 0 0 0 0 0 0 0 0 0 0 0 0 0 0 0 0 0 0 0 0 0 0 0 0 0 0 0 0 0 0 
0 0 0 0 0 0 0 0 0 0 0 0 0 0 0 0 0 0 0 0 0 0 0 0 0 0 0 0 0 0 0 0 0 0 0 0 0 0 0 0 0 0 0 0 0 0 0 0 0 0 0 0 0 0 0 0 0 0 0 0 0 0 0 0 0 0 0 0 0 0 0 0 0 0 0 0 0 0 0 0 0 0 0 0 0 0 0 0 0 0 
0 0 0 0 0 0 0 0 0 0 0 0 0 0 0 0 0 0 0 0 0 0 0 0 0 0 0 0 0 0 0 0 0 0 0 0 0 0 0 0 0 0 0 0 0 0 0 0 0 0 0 0 0 0 0 0 0 0 0 0 0 0 0 0 0 0 0 0 0 0 0 0 0 0 0 0 0 0 0 0 0 0 0 0 0 0 0 0 0 0 
0 0 0 0 0 0 0 0 0 0 0 0 0 0 0 0 0 0 0 0 0 0 0 0 0 0 0 0 0 0 0 0 0 0 0 0 0 0 0 0 0 0 0 0 0 0 0 0 0 0 0 0 0 0 0 0 0 0 0 0 0 0 0 0 0 0 0 0 0 0 0 0 0 0 0 0 0 0 0 0 0 0 0 0 0 0 0 0 0 0 
0 0 0 0 0 0 0 0 0 0 0 0 0 0 0 0 0 0 0 0 0 0 0 0 0 0 0 0 0 0 0 0 0 0 0 0 0 0 0 0 0 0 0 0 0 0 0 0 0 0 0 0 0 0 0 0 0 0 0 0 0 0 0 0 0 0 0 0 0 0 0 0 0 0 0 0 0 0 0 0 0 0 0 0 0 0 0 0 0 0 
0 0 0 0 0 0 0 0 0 0 0 0 0 0 0 0 0 0 0 0 0 0 0 0 0 0 0 0 0 0 0 0 0 0 0 0 0 0 0 0 0 0 0 0 0 0 0 0 0 0 0 0 0 0 0 0 0 0 0 0 0 0 0 0 0 0 0 0 0 0 0 0 0 0 0 0 0 0 0 0 0 0 0 0 0 0 0 0 0 0 
0 0 0 0 0 0 0 0 0 0 0 0 0 0 0 0 0 0 0 0 0 0 0 0 0 0 0 0 0 0 0 0 0 0 0 0 0 0 0 0 0 0 0 0 0 0 0 0 0 0 0 0 0 0 0 0 0 0 0 0 0 0 0 0 0 0 0 0 0 0 0 0 0 0 0 0 0 0 0 0 0 0 0 0 0 0 0 0 0 0 
0 0 0 0 0 0 0 0 0 0 0 0 0 0 0 0 0 0 0 0 0 0 0 0 0 0 0 0 0 0 0 0 0 0 0 0 0 0 0 0 0 0 0 0 0 0 0 0 0 0 0 0 0 0 0 0 0 0 0 0 0 0 0 0 0 0 0 0 0 0 0 0 0 0 0 0 0 0 0 0 0 0 0 0 0 0 0 0 0 0 
0 0 0 0 0 0 0 0 0 0 0 0 0 0 0 0 0 0 0 0 0 0 0 0 0 0 0 0 0 0 0 0 0 0 0 0 0 0 0 0 0 0 0 0 0 0 0 0 0 0 0 0 0 0 0 0 0 0 0 0 0 0 0 0 0 0 0 0 0 0 0 0 0 0 0 0 0 0 0 0 0 0 0 0 0 0 0 0 0 0 
0 0 0 0 0 0 0 0 0 0 0 0 0 0 0 0 0 0 0 0 0 0 0 0 0 0 0 0 0 0 0 0 0 0 0 0 0 0 0 0 0 0 0 0 0 0 0 0 0 0 0 0 0 0 0 0 0 0 0 0 0 0 0 0 0 0 0 0 0 0 0 0 0 0 0 0 0 0 0 0 0 0 0 0 0 0 0 0 0 0 
0 0 0 0 0 0 0 0 0 0 0 0 0 0 0 0 0 0 0 0 0 0 0 0 0 0 0 0 0 0 0 0 0 0 0 0 0 0 0 0 0 0 0 0 0 0 0 0 0 0 0 0 0 0 0 0 0 0 0 0 0 0 0 0 0 0 0 0 0 0 0 0 0 0 0 0 0 0 0 0 0 0 0 0 0 0 0 0 0 0 
0 0 0 0 0 0 0 0 0 0 0 0 0 0 0 0 0 0 0 0 0 0 0 0 0 0 0 0 0 0 0 0 0 0 0 0 0 0 0 0 0 0 0 0 0 0 0 0 0 0 0 0 0 0 0 0 0 0 0 0 0 0 0 0 0 0 0 0 0 0 0 0 0 0 0 0 0 0 0 0 0 0 0 0 0 0 0 0 0 0 
0 0 0 0 0 0 0 0 0 0 0 0 0 0 0 0 0 0 0 0 0 0 0 0 0 0 0 0 0 0 0 0 0 0 0 0 0 0 0 0 0 0 0 0 0 0 0 0 0 0 0 0 0 0 0 0 0 0 0 0 0 0 0 0 0 0 0 0 0 0 0 0 0 0 0 0 0 0 0 0 0 0 0 0 0 0 0 0 0 0 
0 0 0 0 0 0 0 0 0 0 0 0 0 0 0 0 0 0 0 0 0 0 0 0 0 0 0 0 0 0 0 0 0 0 0 0 0 0 0 0 0 0 0 0 0 0 0 0 0 0 0 0 0 0 0 0 0 0 0 0 0 0 0 0 0 0 0 0 0 0 0 0 0 0 0 0 0 0 0 0 0 0 0 0 0 0 0 0 0 0 
0 0 0 0 0 0 0 0 0 0 0 0 0 0 0 0 0 0 0 0 0 0 0 0 0 0 0 0 0 0 0 0 0 0 0 0 0 0 0 0 0 0 0 0 0 0 0 0 0 0 0 0 0 0 0 0 0 0 0 0 0 0 0 0 0 0 0 0 0 0 0 0 0 0 0 0 0 0 0 0 0 0 0 0 0 0 0 0 0 0 
0 0 0 0 0 0 0 0 0 0 0 0 0 0 0 0 0 0 0 0 0 0 0 0 0 0 0 0 0 0 0 0 0 0 0 0 0 0 0 0 0 0 0 0 0 0 0 0 0 0 0 0 0 0 0 0 0 0 0 0 0 0 0 0 0 0 0 0 0 0 0 0 0 0 0 0 0 0 0 0 0 0 0 0 0 0 0 0 0 0 
0 0 0 0 0 0 0 0 0 0 0 0 0 0 0 0 0 0 0 0 0 0 0 0 0 0 0 0 0 0 0 0 0 0 0 0 0 0 0 0 0 0 0 0 0 0 0 0 0 0 0 0 0 0 0 0 0 0 0 0 0 0 0 0 0 0 0 0 0 0 0 0 0 0 0 0 0 0 0 0 0 0 0 0 0 0 0 0 0 0 
0 0 0 0 0 0 0 0 0 0 0 0 0 0 0 0 0 0 0 0 0 0 0 0 0 0 0 0 0 0 0 0 0 0 0 0 0 0 0 0 0 0 0 0 0 0 0 0 0 0 0 0 0 0 0 0 0 0 0 0 0 0 0 0 0 0 0 0 0 0 0 0 0 0 0 0 0 0 0 0 0 0 0 0 0 0 0 0 0 0 
0 0 0 0 0 0 0 0 0 0 0 0 0 0 0 0 0 0 0 0 0 0 0 0 0 0 0 0 0 0 0 0 0 0 0 0 0 0 0 0 0 0 0 0 0 0 0 0 0 0 0 0 0 0 0 0 0 0 0 0 0 0 0 0 0 0 0 0 0 0 0 0 0 0 0 0 0 0 0 0 0 0 0 0 0 0 0 0 0 0 
0 0 0 0 0 0 0 0 0 0 0 0 0 0 0 0 0 0 0 0 0 0 0 0 0 0 0 0 0 0 0 0 0 0 0 0 0 0 0 0 0 0 0 0 0 0 0 0 0 0 0 0 0 0 0 0 0 0 0 0 0 0 0 0 0 0 0 0 0 0 0 0 0 0 0 0 0 0 0 0 0 0 0 0 0 0 0 0 0 0 
0 0 0 0 0 0 0 0 0 0 0 0 0 0 0 0 0 0 0 0 0 0 0 0 0 0 0 0 0 0 0 0 0 0 0 0 0 0 0 0 0 0 0 0 0 0 0 0 0 0 0 0 0 0 0 0 0 0 0 0 0 0 0 0 0 0 0 0 0 0 0 0 0 0 0 0 0 0 0 0 0 0 0 0 0 0 0 0 0 0 
0 0 0 0 0 0 0 0 0 0 0 0 0 0 0 0 0 0 0 0 0 0 0 0 0 0 0 0 0 0 0 0 0 0 0 0 0 0 0 0 0 0 0 0 0 0 0 0 0 0 0 0 0 0 0 0 0 0 0 0 0 0 0 0 0 0 0 0 0 0 0 0 0 0 0 0 0 0 0 0 0 0 0 0 0 0 0 0 0 0 
0 0 0 0 0 0 0 0 0 0 0 0 0 0 0 0 0 0 0 0 0 0 0 0 0 0 0 0 0 0 0 0 0 0 0 0 0 0 0 0 0 0 0 0 0 0 0 0 0 0 0 0 0 0 0 0 0 0 0 0 0 0 0 0 0 0 0 0 0 0 0 0 0 0 0 0 0 0 0 0 0 0 0 0 0 0 0 0 0 0 
0 0 0 0 0 0 0 0 0 0 0 0 0 0 0 0 0 0 0 0 0 0 0 0 0 0 0 0 0 0 0 0 0 0 0 0 0 0 0 0 0 0 0 0 0 0 0 0 0 0 0 0 0 0 0 0 0 0 0 0 0 0 0 0 0 0 0 0 0 0 0 0 0 0 0 0 0 0 0 0 0 0 0 0 0 0 0 0 0 0 
0 0 0 0 0 0 0 0 0 0 0 0 0 0 0 0 0 0 0 0 0 0 0 0 0 0 0 0 0 0 0 0 0 0 0 0 0 0 0 0 0 0 0 0 0 0 0 0 0 0 0 0 0 0 0 0 0 0 0 0 0 0 0 0 0 0 0 0 0 0 0 0 0 0 0 0 0 0 0 0 0 0 0 0 0 0 0 0 0 0 
0 0 0 0 0 0 0 0 0 0 0 0 0 0 0 0 0 0 0 0 0 0 0 0 0 0 0 0 0 0 0 0 0 0 0 0 0 0 0 0 0 0 0 0 0 0 0 0 0 0 0 0 0 0 0 0 0 0 0 0 0 0 0 0 0 0 0 0 0 0 0 0 0 0 0 0 0 0 0 0 0 0 0 0 0 0 0 0 0 0 
0 0 0 0 0 0 0 0 0 0 0 0 0 0 0 0 0 0 0 0 0 0 0 0 0 0 0 0 0 0 0 0 0 0 0 0 0 0 0 0 0 0 0 0 0 0 0 0 0 0 0 0 0 0 0 0 0 0 0 0 0 0 0 0 0 0 0 0 0 0 0 0 0 0 0 0 0 0 0 0 0 0 0 0 0 0 0 0 0 0 
0 0 0 0 0 0 0 0 0 0 0 0 0 0 0 0 0 0 0 0 0 0 0 0 0 0 0 0 0 0 0 0 0 0 0 0 0 0 0 0 0 0 0 0 0 0 0 0 0 0 0 0 0 0 0 0 0 0 0 0 0 0 0 0 0 0 0 0 0 0 0 0 0 0 0 0 0 0 0 0 0 0 0 0 0 0 0 0 0 0 
0 0 0 0 0 0 0 0 0 0 0 0 0 0 0 0 0 0 0 0 0 0 0 0 0 0 0 0 0 0 0 0 0 0 0 0 0 0 0 0 0 0 0 0 0 0 0 0 0 0 0 0 0 0 0 0 0 0 0 0 0 0 0 0 0 0 0 0 0 0 0 0 0 0 0 0 0 0 0 0 0 0 0 0 0 0 0 0 0 0 
0 0 0 0 0 0 0 0 0 0 0 0 0 0 0 0 0 0 0 0 0 0 0 0 0 0 0 0 0 0 0 0 0 0 0 0 0 0 0 0 0 0 0 0 0 0 0 0 0 0 0 0 0 0 0 0 0 0 0 0 0 0 0 0 0 0 0 0 0 0 0 0 0 0 0 0 0 0 0 0 0 0 0 0 0 0 0 0 0 0 
0 0 0 0 0 0 0 0 0 0 0 0 0 0 0 0 0 0 0 0 0 0 0 0 0 0 0 0 0 0 0 0 0 0 0 0 0 0 0 0 0 0 0 0 0 0 0 0 0 0 0 0 0 0 0 0 0 0 0 0 0 0 0 0 0 0 0 0 0 0 0 0 0 0 0 0 0 0 0 0 0 0 0 0 0 0 0 0 0 0 
0 0 0 0 0 0 0 0 0 0 0 0 0 0 0 0 0 0 0 0 0 0 0 0 0 0 0 0 0 0 0 0 0 0 0 0 0 0 0 0 0 0 0 0 0 0 0 0 0 0 0 0 0 0 0 0 0 0 0 0 0 0 0 0 0 0 0 0 0 0 0 0 0 0 0 0 0 0 0 0 0 0 0 0 0 0 0 0 0 0 
0 0 0 0 0 0 0 0 0 0 0 0 0 0 0 0 0 0 0 0 0 0 0 0 0 0 0 0 0 0 0 0 0 0 0 0 0 0 0 0 0 0 0 0 0 0 0 0 0 0 0 0 0 0 0 0 0 0 0 0 0 0 0 0 0 0 0 0 0 0 0 0 0 0 0 0 0 0 0 0 0 0 0 0 0 0 0 0 0 0 
0 0 0 0 0 0 0 0 0 0 0 0 0 0 0 0 0 0 0 0 0 0 0 0 0 0 0 0 0 0 0 0 0 0 0 0 0 0 0 0 0 0 0 0 0 0 0 0 0 0 0 0 0 0 0 0 0 0 0 0 0 0 0 0 0 0 0 0 0 0 0 0 0 0 0 0 0 0 0 0 0 0 0 0 0 0 0 0 0 0 
# Events [PSD_Backtrace/PSD_Backtrace.dat] N:
0 0 0 0 0 0 0 0 0 0 0 0 0 0 0 0 0 0 0 0 0 0 0 0 0 0 0 0 0 0 0 0 0 0 0 0 0 0 0 0 0 0 0 0 0 0 0 0 0 0 0 0 0 0 0 0 0 0 0 0 0 0 0 0 0 0 0 0 0 0 0 0 0 0 0 0 0 0 0 0 0 0 0 0 0 0 0 0 0 0 
0 0 0 0 0 0 0 0 0 0 0 0 0 0 0 0 0 0 0 0 0 0 0 0 0 0 0 0 0 0 0 0 0 0 0 0 0 0 0 0 0 0 0 0 0 0 0 0 0 0 0 0 0 0 0 0 0 0 0 0 0 0 0 0 0 0 0 0 0 0 0 0 0 0 0 0 0 0 0 0 0 0 0 0 0 0 0 0 0 0 
0 0 0 0 0 0 0 0 0 0 0 0 0 0 0 0 0 0 0 0 0 0 0 0 0 0 0 0 0 0 0 0 0 0 0 0 0 0 0 0 0 0 0 0 0 0 0 0 0 0 0 0 0 0 0 0 0 0 0 0 0 0 0 0 0 0 0 0 0 0 0 0 0 0 0 0 0 0 0 0 0 0 0 0 0 0 0 0 0 0 
0 0 0 0 0 0 0 0 0 0 0 0 0 0 0 0 0 0 0 0 0 0 0 0 0 0 0 0 0 0 0 0 0 0 0 0 0 0 0 0 0 0 0 0 0 0 0 0 0 0 0 0 0 0 0 0 0 0 0 0 0 0 0 0 0 0 0 0 0 0 0 0 0 0 0 0 0 0 0 0 0 0 0 0 0 0 0 0 0 0 
0 0 0 0 0 0 0 0 0 0 0 0 0 0 0 0 0 0 0 0 0 0 0 0 0 0 0 0 0 0 0 0 0 0 0 0 0 0 0 0 0 0 0 0 0 0 0 0 0 0 0 0 0 0 0 0 0 0 0 0 0 0 0 0 0 0 0 0 0 0 0 0 0 0 0 0 0 0 0 0 0 0 0 0 0 0 0 0 0 0 
0 0 0 0 0 0 0 0 0 0 0 0 0 0 0 0 0 0 0 0 0 0 0 0 0 0 0 0 0 0 0 0 0 0 0 0 0 0 0 0 0 0 0 0 0 0 0 0 0 0 0 0 0 0 0 0 0 0 0 0 0 0 0 0 0 0 0 0 0 0 0 0 0 0 0 0 0 0 0 0 0 0 0 0 0 0 0 0 0 0 
0 0 0 0 0 0 0 0 0 0 0 0 0 0 0 0 0 0 0 0 0 0 0 0 0 0 0 0 0 0 0 0 0 0 0 0 0 0 0 0 0 0 0 0 0 0 0 0 0 0 0 0 0 0 0 0 0 0 0 0 0 0 0 0 0 0 0 0 0 0 0 0 0 0 0 0 0 0 0 0 0 0 0 0 0 0 0 0 0 0 
0 0 0 0 0 0 0 0 0 0 0 0 0 0 0 0 0 0 0 0 0 0 0 0 0 0 0 0 0 0 0 0 0 0 0 0 0 0 0 0 0 0 0 0 0 0 0 0 0 0 0 0 0 0 0 0 0 0 0 0 0 0 0 0 0 0 0 0 0 0 0 0 0 0 0 0 0 0 0 0 0 0 0 0 0 0 0 0 0 0 
0 0 0 0 0 0 0 0 0 0 0 0 0 0 0 0 0 0 0 0 0 0 0 0 0 0 0 0 0 0 0 0 0 0 0 0 0 0 0 0 0 0 0 0 0 0 0 0 0 0 0 0 0 0 0 0 0 0 0 0 0 0 0 0 0 0 0 0 0 0 0 0 0 0 0 0 0 0 0 0 0 0 0 0 0 0 0 0 0 0 
0 0 0 0 0 0 0 0 0 0 0 0 0 0 0 0 0 0 0 0 0 0 0 0 0 0 0 0 0 0 0 0 0 0 0 0 0 0 0 0 0 0 0 0 0 0 0 0 0 0 0 0 0 0 0 0 0 0 0 0 0 0 0 0 0 0 0 0 0 0 0 0 0 0 0 0 0 0 0 0 0 0 0 0 0 0 0 0 0 0 
0 0 0 0 0 0 0 0 0 0 0 0 0 0 0 0 0 0 0 0 0 0 0 0 0 0 0 0 0 0 0 0 0 0 0 0 0 0 0 0 0 0 0 0 0 0 0 0 0 0 0 0 0 0 0 0 0 0 0 0 0 0 0 0 0 0 0 0 0 0 0 0 0 0 0 0 0 0 0 0 0 0 0 0 0 0 0 0 0 0 
0 0 0 0 0 0 0 0 0 0 0 0 0 0 0 0 0 0 0 0 0 0 0 0 0 0 0 0 0 0 0 0 0 0 0 0 0 0 0 0 0 0 0 0 0 0 0 0 0 0 0 0 0 0 0 0 0 0 0 0 0 0 0 0 0 0 0 0 0 0 0 0 0 0 0 0 0 0 0 0 0 0 0 0 0 0 0 0 0 0 
0 0 0 0 0 0 0 0 0 0 0 0 0 0 0 0 0 0 0 0 0 0 0 0 0 0 0 0 0 0 0 0 0 0 0 0 0 0 0 0 0 0 0 0 0 0 0 0 0 0 0 0 0 0 0 0 0 0 0 0 0 0 0 0 0 0 0 0 0 0 0 0 0 0 0 0 0 0 0 0 0 0 0 0 0 0 0 0 0 0 
0 0 0 0 0 0 0 0 0 0 0 0 0 0 0 0 0 0 0 0 0 0 0 0 0 0 0 0 0 0 0 0 0 0 0 0 0 0 0 0 0 0 0 0 0 0 0 0 0 0 0 0 0 0 0 0 0 0 0 0 0 0 0 0 0 0 0 0 0 0 0 0 0 0 0 0 0 0 0 0 0 0 0 0 0 0 0 0 0 0 
0 0 0 0 0 0 0 0 0 0 0 0 0 0 0 0 0 0 0 0 0 0 0 0 0 0 0 0 0 0 0 0 0 0 0 0 0 0 0 0 0 0 0 0 0 0 0 0 0 0 0 0 0 0 0 0 0 0 0 0 0 0 0 0 0 0 0 0 0 0 0 0 0 0 0 0 0 0 0 0 0 0 0 0 0 0 0 0 0 0 
0 0 0 0 0 0 0 0 0 0 0 0 0 0 0 0 0 0 0 0 0 0 0 0 0 0 0 0 0 0 0 0 0 0 0 0 0 0 0 0 0 0 0 0 0 0 0 0 0 0 0 0 0 0 0 0 0 0 0 0 0 0 0 0 0 0 0 0 0 0 0 0 0 0 0 0 0 0 0 0 0 0 0 0 0 0 0 0 0 0 
0 0 0 0 0 0 0 0 0 0 0 0 0 0 0 0 0 0 0 0 0 0 0 0 0 0 0 0 0 0 0 0 0 0 0 0 0 0 0 0 0 0 0 0 0 0 0 0 0 0 0 0 0 0 0 0 0 0 0 0 0 0 0 0 0 0 0 0 0 0 0 0 0 0 0 0 0 0 0 0 0 0 0 0 0 0 0 0 0 0 
0 0 0 0 0 0 0 0 0 0 0 0 0 0 0 0 0 0 0 0 0 0 0 0 0 0 0 0 0 0 0 0 0 0 0 0 0 0 0 0 0 0 0 0 0 0 0 0 0 0 0 0 0 0 0 0 0 0 0 0 0 0 0 0 0 0 0 0 0 0 0 0 0 0 0 0 0 0 0 0 0 0 0 0 0 0 0 0 0 0 
0 0 0 0 0 0 0 0 0 0 0 0 0 0 0 0 0 0 0 0 0 0 0 0 0 0 0 0 0 0 0 0 0 0 0 0 0 0 0 0 0 0 0 0 0 0 0 0 0 0 0 0 0 0 0 0 0 0 0 0 0 0 0 0 0 0 0 0 0 0 0 0 0 0 0 0 0 0 0 0 0 0 0 0 0 0 0 0 0 0 
0 0 0 0 0 0 0 0 0 0 0 0 0 0 0 0 0 0 0 0 0 0 0 0 0 0 0 0 0 0 0 0 0 0 0 0 0 0 0 0 0 0 0 0 0 0 0 0 0 0 0 0 0 0 0 0 0 0 0 0 0 0 0 0 0 0 0 0 0 0 0 0 0 0 0 0 0 0 0 0 0 0 0 0 0 0 0 0 0 0 
0 0 0 0 0 0 0 0 0 0 0 0 0 0 0 0 0 0 0 0 0 0 0 0 0 0 0 0 0 0 0 0 0 0 0 0 0 0 0 0 0 0 0 0 0 0 0 0 0 0 0 0 0 0 0 0 0 0 0 0 0 0 0 0 0 0 0 0 0 0 0 0 0 0 0 0 0 0 0 0 0 0 0 0 0 0 0 0 0 0 
0 0 0 0 0 0 0 0 0 0 0 0 0 0 0 0 0 0 0 0 0 0 0 0 0 0 0 0 0 0 0 0 0 0 0 0 0 0 0 0 0 0 0 0 0 0 0 0 0 0 0 0 0 0 0 0 0 0 0 0 0 0 0 0 0 0 0 0 0 0 0 0 0 0 0 0 0 0 0 0 0 0 0 0 0 0 0 0 0 0 
0 0 0 0 0 0 0 0 0 0 0 0 0 0 0 0 0 0 0 0 0 0 0 0 0 0 0 0 0 0 0 0 0 0 0 0 0 0 0 0 0 0 0 0 0 0 0 0 0 0 0 0 0 0 0 0 0 0 0 0 0 0 0 0 0 0 0 0 0 0 0 0 0 0 0 0 0 0 0 0 0 0 0 0 0 0 0 0 0 0 
0 0 0 0 0 0 0 0 0 0 0 0 0 0 0 0 0 0 0 0 0 0 0 0 0 0 0 0 0 0 0 0 0 0 0 0 0 0 0 0 0 0 0 0 0 0 0 0 0 0 0 0 0 0 0 0 0 0 0 0 0 0 0 0 0 0 0 0 0 0 0 0 0 0 0 0 0 0 0 0 0 0 0 0 0 0 0 0 0 0 
0 0 0 0 0 0 0 0 0 0 0 0 0 0 0 0 0 0 0 0 0 0 0 0 0 0 0 0 0 0 0 0 0 0 0 0 0 0 0 0 0 0 0 0 0 0 0 0 0 0 0 0 0 0 0 0 0 0 0 0 0 0 0 0 0 0 0 0 0 0 0 0 0 0 0 0 0 0 0 0 0 0 0 0 0 0 0 0 0 0 
0 0 0 0 0 0 0 0 0 0 0 0 0 0 0 0 0 0 0 0 0 0 0 0 0 0 0 0 0 0 0 0 0 0 0 0 0 0 0 0 0 0 0 0 0 0 0 0 0 0 0 0 0 0 0 0 0 0 0 0 0 0 0 0 0 0 0 0 0 0 0 0 0 0 0 0 0 0 0 0 0 0 0 0 0 0 0 0 0 0 
0 0 0 0 0 0 0 0 0 0 0 0 0 0 0 0 0 0 0 0 0 0 0 0 0 0 0 0 0 0 0 0 0 0 0 0 0 0 0 0 0 0 0 0 0 0 0 0 0 0 0 0 0 0 0 0 0 0 0 0 0 0 0 0 0 0 0 0 0 0 0 0 0 0 0 0 0 0 0 0 0 0 0 0 0 0 0 0 0 0 
0 0 0 0 0 0 0 0 0 0 0 0 0 0 0 0 0 0 0 0 0 0 0 0 0 0 0 0 0 0 0 0 0 0 0 0 0 0 0 0 0 0 0 0 0 0 0 0 0 0 0 0 0 0 0 0 0 0 0 0 0 0 0 0 0 0 0 0 0 0 0 0 0 0 0 0 0 0 0 0 0 0 0 0 0 0 0 0 0 0 
0 0 0 0 0 0 0 0 0 0 0 0 0 0 0 0 0 0 0 0 0 0 0 0 0 0 0 0 0 0 0 0 0 0 0 0 0 0 0 0 0 0 0 0 0 0 0 0 0 0 0 0 0 0 0 0 0 0 0 0 0 0 0 0 0 0 0 0 0 0 0 0 0 0 0 0 0 0 0 0 0 0 0 0 0 0 0 0 0 0 
0 0 0 0 0 0 0 0 0 0 0 0 0 0 0 0 0 0 0 0 0 0 0 0 0 0 0 0 0 0 0 0 0 0 0 0 0 0 0 0 0 0 0 0 0 0 0 0 0 0 0 0 0 0 0 0 0 0 0 0 0 0 0 0 0 0 0 0 0 0 0 0 0 0 0 0 0 0 0 0 0 0 0 0 0 0 0 0 0 0 
0 0 0 0 0 0 0 0 0 0 0 0 0 0 0 0 0 0 0 0 0 0 0 0 0 0 0 0 0 0 0 0 0 0 0 0 0 0 0 0 0 0 0 0 0 0 0 0 0 0 0 0 0 0 0 0 0 0 0 0 0 0 0 0 0 0 0 0 0 0 0 0 0 0 0 0 0 0 0 0 0 0 0 0 0 0 0 0 0 0 
0 0 0 0 0 0 0 0 0 0 0 0 0 0 0 0 0 0 0 0 0 0 0 0 0 0 0 0 0 0 0 0 0 0 0 0 0 0 0 0 0 0 0 0 0 0 0 0 0 0 0 0 0 0 0 0 0 0 0 0 0 0 0 0 0 0 0 0 0 0 0 0 0 0 0 0 0 0 0 0 0 0 0 0 0 0 0 0 0 0 
0 0 0 0 0 0 0 0 0 0 0 0 0 0 0 0 0 0 0 0 0 0 0 0 0 0 0 0 0 0 0 0 0 0 0 0 0 0 0 0 0 0 0 0 0 0 0 0 0 0 0 0 0 0 0 0 0 0 0 0 0 0 0 0 0 0 0 0 0 0 0 0 0 0 0 0 0 0 0 0 0 0 0 0 0 0 0 0 0 0 
0 0 0 0 0 0 0 0 0 0 0 0 0 0 0 0 0 0 0 0 0 0 0 0 0 0 0 0 0 0 0 0 0 0 0 0 0 0 0 0 0 0 0 0 0 0 0 0 0 0 0 0 0 0 0 0 0 0 0 0 0 0 0 0 0 0 0 0 0 0 0 0 0 0 0 0 0 0 0 0 0 0 0 0 0 0 0 0 0 0 
0 0 0 0 0 0 0 0 0 0 0 0 0 0 0 0 0 0 0 0 0 0 0 0 0 0 0 0 0 0 0 0 0 0 0 0 0 0 0 0 0 0 0 0 0 0 0 0 0 0 0 0 0 0 0 0 0 0 0 0 0 0 0 0 0 0 0 0 0 0 0 0 0 0 0 0 0 0 0 0 0 0 0 0 0 0 0 0 0 0 
0 0 0 0 0 0 0 0 0 0 0 0 0 0 0 0 0 0 0 0 0 0 0 0 0 0 0 0 0 0 0 0 0 0 0 0 0 0 0 0 0 0 0 0 0 0 0 0 0 0 0 0 0 0 0 0 0 0 0 0 0 0 0 0 0 0 0 0 0 0 0 0 0 0 0 0 0 0 0 0 0 0 0 0 0 0 0 0 0 0 
0 0 0 0 0 0 0 0 0 6854 6716 6662 6646 6719 6522 6553 6501 6509 6519 6414 6434 6317 6293 6271 6176 6202 6343 6029 6212 6142 6187 6063 5838 6169 5877 5931 6068 5860 6007 5851 5924 6074 6162 6127 5974 5928 6043 6097 5921 5860 5672 5712 5700 5577 5424 5506 5459 5490 5391 5321 5143 5183 5014 5195 4962 4972 4833 4791 4803 4608 4592 4419 4490 4534 4348 4166 4119 4187 4082 3967 3894 0 0 0 0 0 0 0 0 0 
0 0 0 0 0 0 0 0 0 11310 11623 11508 11342 11317 10944 11072 10877 10578 10665 10252 10025 9484 9234 8871 8820 8915 8903 8830 8963 8855 8912 8987 8807 8871 8914 9130 8918 8882 8868 9113 8858 8947 8833 8617 8675 8756 8372 8032 7839 8179 8083 8101 7950 7845 7905 7619 7640 7611 7503 7614 7239 7110 7092 6973 6788 6924 6796 6687 6605 6513 6390 6477 6316 6206 6129 6060 5852 5988 5733 5385 5433 0 0 0 0 0 0 0 0 0 
0 0 0 0 0 0 0 0 0 13372 13594 13845 14196 14196 14180 14445 14157 14034 13911 13805 14045 13727 13613 13382 12842 12446 12244 11831 11944 11794 11539 11436 11681 11523 11593 11836 11706 11678 11563 11895 11801 11986 12511 12606 13021 12716 12334 11999 11575 11660 11559 11314 11352 11077 11250 11182 11013 10716 10681 10715 10670 10516 10368 10141 10302 10145 10023 10107 9767 9599 9726 9684 9484 9357 9150 9128 9157 8872 8761 8439 8417 0 0 0 0 0 0 0 0 0 
0 0 0 0 0 0 0 0 0 12240 12726 13106 13397 13279 13235 13323 13133 12990 13245 13361 13224 12751 12443 11524 10671 9314 8210 7570 7418 7186 7306 7227 7122 7298 7280 7288 7378 7459 7517 7524 8052 9015 10527 11980 13187 13696 13972 13632 13325 12921 12679 12537 12187 12196 12159 11989 11942 11825 11746 12058 11787 11764 11442 11327 11365 11238 11151 10782 10971 10647 10525 10550 10399 10198 10306 9970 10021 9735 9259 8947 8777 0 0 0 0 0 0 0 0 0 
0 0 0 0 0 0 0 0 0 10786 11145 11542 11534 11681 11884 11806 11577 11519 12020 12392 12450 11852 10557 10091 8554 7021 5348 4490 4291 4530 4485 4435 4487 4649 4480 4602 4713 4651 4634 4721 5285 6547 8330 9966 11417 12109 12761 12428 11728 10773 10041 10081 10068 9639 9544 9366 9312 9332 9404 9622 9678 9655 9195 9140 9234 9070 9206 8977 8960 8903 8902 8616 8594 8486 8376 8432 8274 7834 7802 7422 7073 0 0 0 0 0 0 0 0 0 
0 0 0 0 0 0 0 0 0 9322 9760 10082 10077 10110 10218 10304 10045 10154 10503 11204 11778 10874 10220 9407 7853 6055 4424 3548 3661 3777 3846 3741 3789 3799 3906 3836 3875 3958 3858 3775 4206 5360 7217 9049 10693 11999 12634 12482 11927 10618 10114 9980 9746 9424 9431 9165 9080 8955 9109 9269 9460 9179 9028 8829 8975 8928 8781 8560 8474 8289 8264 7986 7876 7470 7487 7261 6972 6743 6368 5884 5795 0 0 0 0 0 0 0 0 0 
0 0 0 0 0 0 0 0 0 8168 8256 8756 8822 8961 8951 9050 8705 8999 9586 10300 10419 9637 8653 7981 6810 5039 3378 2756 2736 2863 3042 2956 2970 2930 3013 3127 2982 2862 2772 2733 3053 4192 6389 8470 10489 11704 12575 12697 11798 11086 10347 10123 9917 9801 9352 9292 9076 8938 9100 9265 9346 9257 8955 8936 9084 8833 8925 8820 8618 8472 8328 8043 7816 7530 7245 7029 6916 6614 6263 5936 5536 0 0 0 0 0 0 0 0 0 
0 0 0 0 0 0 0 0 0 7580 7966 7992 8074 8409 8385 8318 8253 8313 8950 9661 9602 8794 7887 7172 6034 4211 2778 1991 2021 2199 2242 2291 2245 2281 2228 2145 2203 2231 2009 1864 2361 3623 5529 7925 10174 11557 12087 12388 11677 11009 10080 9954 9591 9542 9335 9108 8835 8568 8814 8975 9107 8902 8809 8631 8666 8743 8442 8583 8406 8335 8260 8024 7686 7657 7390 7125 6819 6678 6176 5919 5459 0 0 0 0 0 0 0 0 0 
0 0 0 0 0 0 0 0 0 7615 7600 7868 7855 7823 8322 8372 8341 8207 9170 9397 9518 8657 7956 7142 5778 4176 2600 1868 2011 2046 2190 2118 2100 2115 2112 2053 2096 2045 1956 1800 2259 3461 5648 7928 10012 11383 12288 12264 11926 10894 9882 9609 9545 9444 9400 8813 8842 8431 8537 8617 8835 8784 8843 8399 8771 8709 8696 8496 8235 8232 7964 7887 7679 7273 7095 7088 6763 6343 6033 5867 5303 0 0 0 0 0 0 0 0 0 
0 0 0 0 0 0 0 0 0 7458 7663 7838 7899 8130 8257 8391 8064 8117 8751 9413 9316 8581 7683 7151 5933 4001 2593 1891 1893 2112 2134 2085 2140 2091 2148 2044 2066 2025 1849 1741 2228 3587 5731 8044 10325 11464 12166 12355 11739 10962 9878 9562 9524 9399 9244 8933 8840 8532 8485 8621 8596 8665 8309 8550 8620 8607 8520 8489 8331 8146 8252 7835 7764 7345 7204 6973 6653 6440 6038 5833 5416 0 0 0 0 0 0 0 0 0 
0 0 0 0 0 0 0 0 0 7819 7731 7721 8132 8076 8198 8235 8133 7964 8936 9609 9658 8535 7823 7046 5982 4131 2708 1924 1999 2170 2205 2190 2159 2122 2128 2130 2161 2054 1841 1864 2245 3552 5712 7922 10135 11459 12225 12410 11875 10832 10072 9725 9710 9474 9121 9081 8671 8492 8503 8812 8986 8695 8766 8246 8767 8723 8499 8564 8415 8328 8064 7957 7665 7491 7128 6891 6815 6401 6234 5745 5428 0 0 0 0 0 0 0 0 0 
0 0 0 0 0 0 0 0 0 8022 7904 8306 8664 8535 8662 8611 8497 8523 9159 9901 10117 9206 8363 7653 6474 4674 3273 2523 2447 2651 2734 2774 2769 2728 2802 2644 2830 2689 2569 2431 2923 4152 6143 8329 10544 11735 12386 12656 12014 11063 10394 10007 10027 9611 9560 9239 8860 8877 8739 9041 9314 9354 8758 8932 8899 8766 8515 8836 8538 8267 8165 8084 7747 7508 7328 7086 6866 6596 6327 6072 5584 0 0 0 0 0 0 0 0 0 
0 0 0 0 0 0 0 0 0 9059 9345 9667 9480 9633 9964 9956 9827 9622 10302 11000 11457 10669 9793 9089 7723 5704 4399 3724 3565 3713 3737 3840 3757 3822 3787 3902 3755 3796 3606 3571 4087 5272 7035 9074 11062 11675 12674 12551 12144 11042 10192 10185 10076 9767 9307 9013 8965 8808 9047 9282 9511 9303 8914 8850 8940 8889 8864 8718 8469 8373 8262 8058 7783 7564 7286 7139 7042 6735 6393 6048 5551 0 0 0 0 0 0 0 0 0 
0 0 0 0 0 0 0 0 0 10471 10798 11082 11031 11248 11436 11164 10958 11208 11699 12454 12353 11700 10678 9830 8447 6488 5097 4313 4152 4206 4180 4261 4271 4441 4419 4456 4437 4401 4427 4544 5179 6125 8007 9694 11174 11873 12053 12111 11372 10239 9722 9627 9379 9164 9034 8868 8514 8479 8608 8927 8977 8676 8487 8494 8465 8442 8573 8328 8359 8285 8357 8190 7955 7855 7859 7907 7718 7629 7358 6962 6647 0 0 0 0 0 0 0 0 0 
0 0 0 0 0 0 0 0 0 11916 12433 12391 12625 12725 12903 12656 12613 12602 12836 12776 13170 12013 11513 10727 9496 8098 7111 6301 6180 5968 5934 5967 6058 5893 6032 6090 6259 6218 6339 6354 6958 8011 9508 10674 11602 12420 13066 12726 12332 11685 11514 11471 11499 11153 10954 10828 10794 10690 10663 10835 10829 10521 10570 10599 10375 10605 10346 10304 10455 10275 10323 10053 9747 9767 9708 9687 9736 9430 9250 8755 8574 0 0 0 0 0 0 0 0 0 
0 0 0 0 0 0 0 0 0 12135 12405 12541 12493 12587 12643 12558 12329 12497 12474 12209 12295 11752 11796 11608 11364 10913 10674 10278 10416 10016 10067 10166 10102 10267 10084 9949 10121 10046 10002 10251 10291 10669 10699 10944 10880 11054 10947 10669 10554 10487 10444 10369 10343 10227 9888 10150 9956 9728 9646 9614 9842 9363 9710 9501 9366 9173 9247 9211 9166 9037 9074 8932 8640 8795 8407 8410 8348 8210 8017 8136 7866 0 0 0 0 0 0 0 0 0 
0 0 0 0 0 0 0 0 0 11342 11701 11588 11646 11439 11446 11194 11198 10987 10722 10517 10449 9524 9064 9045 8993 9023 8865 9009 9059 8859 8911 8872 8924 8901 9018 8954 8889 8986 8879 8883 8899 8854 8659 8631 8408 8319 8095 8239 8005 7929 7898 8080 7886 7822 7728 7521 7695 7366 7405 7432 7452 7324 7149 7114 7008 7080 6914 6991 6785 6699 6587 6538 6543 6329 6190 6248 6048 5962 5758 5820 5771 0 0 0 0 0 0 0 0 0 
0 0 0 0 0 0 0 0 0 8601 8777 8476 8395 8135 7895 7944 7889 7502 7650 7277 7115 6688 6613 6611 6565 6651 6778 6621 6601 6530 6689 6576 6497 6701 6769 6609 6581 6543 6671 6737 6688 6671 6589 6586 6536 6253 6345 6461 6406 6440 6265 6245 6318 5950 6082 6083 6020 5975 5816 5836 5879 5732 5622 5542 5382 5436 5370 5325 5306 5354 5141 5132 5037 4874 4765 4761 4805 4755 4535 4452 4523 0 0 0 0 0 0 0 0 0 
0 0 0 0 0 0 0 0 0 0 0 0 0 0 0 0 0 0 0 0 0 0 0 0 0 0 0 0 0 0 0 0 0 0 0 0 0 0 0 0 0 0 0 0 0 0 0 0 0 0 0 0 0 0 0 0 0 0 0 0 0 0 0 0 0 0 0 0 0 0 0 0 0 0 0 0 0 0 0 0 0 0 0 0 0 0 0 0 0 0 
0 0 0 0 0 0 0 0 0 0 0 0 0 0 0 0 0 0 0 0 0 0 0 0 0 0 0 0 0 0 0 0 0 0 0 0 0 0 0 0 0 0 0 0 0 0 0 0 0 0 0 0 0 0 0 0 0 0 0 0 0 0 0 0 0 0 0 0 0 0 0 0 0 0 0 0 0 0 0 0 0 0 0 0 0 0 0 0 0 0 
0 0 0 0 0 0 0 0 0 0 0 0 0 0 0 0 0 0 0 0 0 0 0 0 0 0 0 0 0 0 0 0 0 0 0 0 0 0 0 0 0 0 0 0 0 0 0 0 0 0 0 0 0 0 0 0 0 0 0 0 0 0 0 0 0 0 0 0 0 0 0 0 0 0 0 0 0 0 0 0 0 0 0 0 0 0 0 0 0 0 
0 0 0 0 0 0 0 0 0 0 0 0 0 0 0 0 0 0 0 0 0 0 0 0 0 0 0 0 0 0 0 0 0 0 0 0 0 0 0 0 0 0 0 0 0 0 0 0 0 0 0 0 0 0 0 0 0 0 0 0 0 0 0 0 0 0 0 0 0 0 0 0 0 0 0 0 0 0 0 0 0 0 0 0 0 0 0 0 0 0 
0 0 0 0 0 0 0 0 0 0 0 0 0 0 0 0 0 0 0 0 0 0 0 0 0 0 0 0 0 0 0 0 0 0 0 0 0 0 0 0 0 0 0 0 0 0 0 0 0 0 0 0 0 0 0 0 0 0 0 0 0 0 0 0 0 0 0 0 0 0 0 0 0 0 0 0 0 0 0 0 0 0 0 0 0 0 0 0 0 0 
0 0 0 0 0 0 0 0 0 0 0 0 0 0 0 0 0 0 0 0 0 0 0 0 0 0 0 0 0 0 0 0 0 0 0 0 0 0 0 0 0 0 0 0 0 0 0 0 0 0 0 0 0 0 0 0 0 0 0 0 0 0 0 0 0 0 0 0 0 0 0 0 0 0 0 0 0 0 0 0 0 0 0 0 0 0 0 0 0 0 
0 0 0 0 0 0 0 0 0 0 0 0 0 0 0 0 0 0 0 0 0 0 0 0 0 0 0 0 0 0 0 0 0 0 0 0 0 0 0 0 0 0 0 0 0 0 0 0 0 0 0 0 0 0 0 0 0 0 0 0 0 0 0 0 0 0 0 0 0 0 0 0 0 0 0 0 0 0 0 0 0 0 0 0 0 0 0 0 0 0 
0 0 0 0 0 0 0 0 0 0 0 0 0 0 0 0 0 0 0 0 0 0 0 0 0 0 0 0 0 0 0 0 0 0 0 0 0 0 0 0 0 0 0 0 0 0 0 0 0 0 0 0 0 0 0 0 0 0 0 0 0 0 0 0 0 0 0 0 0 0 0 0 0 0 0 0 0 0 0 0 0 0 0 0 0 0 0 0 0 0 
0 0 0 0 0 0 0 0 0 0 0 0 0 0 0 0 0 0 0 0 0 0 0 0 0 0 0 0 0 0 0 0 0 0 0 0 0 0 0 0 0 0 0 0 0 0 0 0 0 0 0 0 0 0 0 0 0 0 0 0 0 0 0 0 0 0 0 0 0 0 0 0 0 0 0 0 0 0 0 0 0 0 0 0 0 0 0 0 0 0 
0 0 0 0 0 0 0 0 0 0 0 0 0 0 0 0 0 0 0 0 0 0 0 0 0 0 0 0 0 0 0 0 0 0 0 0 0 0 0 0 0 0 0 0 0 0 0 0 0 0 0 0 0 0 0 0 0 0 0 0 0 0 0 0 0 0 0 0 0 0 0 0 0 0 0 0 0 0 0 0 0 0 0 0 0 0 0 0 0 0 
0 0 0 0 0 0 0 0 0 0 0 0 0 0 0 0 0 0 0 0 0 0 0 0 0 0 0 0 0 0 0 0 0 0 0 0 0 0 0 0 0 0 0 0 0 0 0 0 0 0 0 0 0 0 0 0 0 0 0 0 0 0 0 0 0 0 0 0 0 0 0 0 0 0 0 0 0 0 0 0 0 0 0 0 0 0 0 0 0 0 
0 0 0 0 0 0 0 0 0 0 0 0 0 0 0 0 0 0 0 0 0 0 0 0 0 0 0 0 0 0 0 0 0 0 0 0 0 0 0 0 0 0 0 0 0 0 0 0 0 0 0 0 0 0 0 0 0 0 0 0 0 0 0 0 0 0 0 0 0 0 0 0 0 0 0 0 0 0 0 0 0 0 0 0 0 0 0 0 0 0 
0 0 0 0 0 0 0 0 0 0 0 0 0 0 0 0 0 0 0 0 0 0 0 0 0 0 0 0 0 0 0 0 0 0 0 0 0 0 0 0 0 0 0 0 0 0 0 0 0 0 0 0 0 0 0 0 0 0 0 0 0 0 0 0 0 0 0 0 0 0 0 0 0 0 0 0 0 0 0 0 0 0 0 0 0 0 0 0 0 0 
0 0 0 0 0 0 0 0 0 0 0 0 0 0 0 0 0 0 0 0 0 0 0 0 0 0 0 0 0 0 0 0 0 0 0 0 0 0 0 0 0 0 0 0 0 0 0 0 0 0 0 0 0 0 0 0 0 0 0 0 0 0 0 0 0 0 0 0 0 0 0 0 0 0 0 0 0 0 0 0 0 0 0 0 0 0 0 0 0 0 
0 0 0 0 0 0 0 0 0 0 0 0 0 0 0 0 0 0 0 0 0 0 0 0 0 0 0 0 0 0 0 0 0 0 0 0 0 0 0 0 0 0 0 0 0 0 0 0 0 0 0 0 0 0 0 0 0 0 0 0 0 0 0 0 0 0 0 0 0 0 0 0 0 0 0 0 0 0 0 0 0 0 0 0 0 0 0 0 0 0 
0 0 0 0 0 0 0 0 0 0 0 0 0 0 0 0 0 0 0 0 0 0 0 0 0 0 0 0 0 0 0 0 0 0 0 0 0 0 0 0 0 0 0 0 0 0 0 0 0 0 0 0 0 0 0 0 0 0 0 0 0 0 0 0 0 0 0 0 0 0 0 0 0 0 0 0 0 0 0 0 0 0 0 0 0 0 0 0 0 0 
0 0 0 0 0 0 0 0 0 0 0 0 0 0 0 0 0 0 0 0 0 0 0 0 0 0 0 0 0 0 0 0 0 0 0 0 0 0 0 0 0 0 0 0 0 0 0 0 0 0 0 0 0 0 0 0 0 0 0 0 0 0 0 0 0 0 0 0 0 0 0 0 0 0 0 0 0 0 0 0 0 0 0 0 0 0 0 0 0 0 
0 0 0 0 0 0 0 0 0 0 0 0 0 0 0 0 0 0 0 0 0 0 0 0 0 0 0 0 0 0 0 0 0 0 0 0 0 0 0 0 0 0 0 0 0 0 0 0 0 0 0 0 0 0 0 0 0 0 0 0 0 0 0 0 0 0 0 0 0 0 0 0 0 0 0 0 0 0 0 0 0 0 0 0 0 0 0 0 0 0 
0 0 0 0 0 0 0 0 0 0 0 0 0 0 0 0 0 0 0 0 0 0 0 0 0 0 0 0 0 0 0 0 0 0 0 0 0 0 0 0 0 0 0 0 0 0 0 0 0 0 0 0 0 0 0 0 0 0 0 0 0 0 0 0 0 0 0 0 0 0 0 0 0 0 0 0 0 0 0 0 0 0 0 0 0 0 0 0 0 0 
0 0 0 0 0 0 0 0 0 0 0 0 0 0 0 0 0 0 0 0 0 0 0 0 0 0 0 0 0 0 0 0 0 0 0 0 0 0 0 0 0 0 0 0 0 0 0 0 0 0 0 0 0 0 0 0 0 0 0 0 0 0 0 0 0 0 0 0 0 0 0 0 0 0 0 0 0 0 0 0 0 0 0 0 0 0 0 0 0 0 
0 0 0 0 0 0 0 0 0 0 0 0 0 0 0 0 0 0 0 0 0 0 0 0 0 0 0 0 0 0 0 0 0 0 0 0 0 0 0 0 0 0 0 0 0 0 0 0 0 0 0 0 0 0 0 0 0 0 0 0 0 0 0 0 0 0 0 0 0 0 0 0 0 0 0 0 0 0 0 0 0 0 0 0 0 0 0 0 0 0 
0 0 0 0 0 0 0 0 0 0 0 0 0 0 0 0 0 0 0 0 0 0 0 0 0 0 0 0 0 0 0 0 0 0 0 0 0 0 0 0 0 0 0 0 0 0 0 0 0 0 0 0 0 0 0 0 0 0 0 0 0 0 0 0 0 0 0 0 0 0 0 0 0 0 0 0 0 0 0 0 0 0 0 0 0 0 0 0 0 0 
0 0 0 0 0 0 0 0 0 0 0 0 0 0 0 0 0 0 0 0 0 0 0 0 0 0 0 0 0 0 0 0 0 0 0 0 0 0 0 0 0 0 0 0 0 0 0 0 0 0 0 0 0 0 0 0 0 0 0 0 0 0 0 0 0 0 0 0 0 0 0 0 0 0 0 0 0 0 0 0 0 0 0 0 0 0 0 0 0 0 
0 0 0 0 0 0 0 0 0 0 0 0 0 0 0 0 0 0 0 0 0 0 0 0 0 0 0 0 0 0 0 0 0 0 0 0 0 0 0 0 0 0 0 0 0 0 0 0 0 0 0 0 0 0 0 0 0 0 0 0 0 0 0 0 0 0 0 0 0 0 0 0 0 0 0 0 0 0 0 0 0 0 0 0 0 0 0 0 0 0 
0 0 0 0 0 0 0 0 0 0 0 0 0 0 0 0 0 0 0 0 0 0 0 0 0 0 0 0 0 0 0 0 0 0 0 0 0 0 0 0 0 0 0 0 0 0 0 0 0 0 0 0 0 0 0 0 0 0 0 0 0 0 0 0 0 0 0 0 0 0 0 0 0 0 0 0 0 0 0 0 0 0 0 0 0 0 0 0 0 0 
0 0 0 0 0 0 0 0 0 0 0 0 0 0 0 0 0 0 0 0 0 0 0 0 0 0 0 0 0 0 0 0 0 0 0 0 0 0 0 0 0 0 0 0 0 0 0 0 0 0 0 0 0 0 0 0 0 0 0 0 0 0 0 0 0 0 0 0 0 0 0 0 0 0 0 0 0 0 0 0 0 0 0 0 0 0 0 0 0 0 
0 0 0 0 0 0 0 0 0 0 0 0 0 0 0 0 0 0 0 0 0 0 0 0 0 0 0 0 0 0 0 0 0 0 0 0 0 0 0 0 0 0 0 0 0 0 0 0 0 0 0 0 0 0 0 0 0 0 0 0 0 0 0 0 0 0 0 0 0 0 0 0 0 0 0 0 0 0 0 0 0 0 0 0 0 0 0 0 0 0 
0 0 0 0 0 0 0 0 0 0 0 0 0 0 0 0 0 0 0 0 0 0 0 0 0 0 0 0 0 0 0 0 0 0 0 0 0 0 0 0 0 0 0 0 0 0 0 0 0 0 0 0 0 0 0 0 0 0 0 0 0 0 0 0 0 0 0 0 0 0 0 0 0 0 0 0 0 0 0 0 0 0 0 0 0 0 0 0 0 0 
0 0 0 0 0 0 0 0 0 0 0 0 0 0 0 0 0 0 0 0 0 0 0 0 0 0 0 0 0 0 0 0 0 0 0 0 0 0 0 0 0 0 0 0 0 0 0 0 0 0 0 0 0 0 0 0 0 0 0 0 0 0 0 0 0 0 0 0 0 0 0 0 0 0 0 0 0 0 0 0 0 0 0 0 0 0 0 0 0 0 
0 0 0 0 0 0 0 0 0 0 0 0 0 0 0 0 0 0 0 0 0 0 0 0 0 0 0 0 0 0 0 0 0 0 0 0 0 0 0 0 0 0 0 0 0 0 0 0 0 0 0 0 0 0 0 0 0 0 0 0 0 0 0 0 0 0 0 0 0 0 0 0 0 0 0 0 0 0 0 0 0 0 0 0 0 0 0 0 0 0 
0 0 0 0 0 0 0 0 0 0 0 0 0 0 0 0 0 0 0 0 0 0 0 0 0 0 0 0 0 0 0 0 0 0 0 0 0 0 0 0 0 0 0 0 0 0 0 0 0 0 0 0 0 0 0 0 0 0 0 0 0 0 0 0 0 0 0 0 0 0 0 0 0 0 0 0 0 0 0 0 0 0 0 0 0 0 0 0 0 0 
0 0 0 0 0 0 0 0 0 0 0 0 0 0 0 0 0 0 0 0 0 0 0 0 0 0 0 0 0 0 0 0 0 0 0 0 0 0 0 0 0 0 0 0 0 0 0 0 0 0 0 0 0 0 0 0 0 0 0 0 0 0 0 0 0 0 0 0 0 0 0 0 0 0 0 0 0 0 0 0 0 0 0 0 0 0 0 0 0 0 
0 0 0 0 0 0 0 0 0 0 0 0 0 0 0 0 0 0 0 0 0 0 0 0 0 0 0 0 0 0 0 0 0 0 0 0 0 0 0 0 0 0 0 0 0 0 0 0 0 0 0 0 0 0 0 0 0 0 0 0 0 0 0 0 0 0 0 0 0 0 0 0 0 0 0 0 0 0 0 0 0 0 0 0 0 0 0 0 0 0 
0 0 0 0 0 0 0 0 0 0 0 0 0 0 0 0 0 0 0 0 0 0 0 0 0 0 0 0 0 0 0 0 0 0 0 0 0 0 0 0 0 0 0 0 0 0 0 0 0 0 0 0 0 0 0 0 0 0 0 0 0 0 0 0 0 0 0 0 0 0 0 0 0 0 0 0 0 0 0 0 0 0 0 0 0 0 0 0 0 0 
0 0 0 0 0 0 0 0 0 0 0 0 0 0 0 0 0 0 0 0 0 0 0 0 0 0 0 0 0 0 0 0 0 0 0 0 0 0 0 0 0 0 0 0 0 0 0 0 0 0 0 0 0 0 0 0 0 0 0 0 0 0 0 0 0 0 0 0 0 0 0 0 0 0 0 0 0 0 0 0 0 0 0 0 0 0 0 0 0 0 
0 0 0 0 0 0 0 0 0 0 0 0 0 0 0 0 0 0 0 0 0 0 0 0 0 0 0 0 0 0 0 0 0 0 0 0 0 0 0 0 0 0 0 0 0 0 0 0 0 0 0 0 0 0 0 0 0 0 0 0 0 0 0 0 0 0 0 0 0 0 0 0 0 0 0 0 0 0 0 0 0 0 0 0 0 0 0 0 0 0 
