# Format: McCode with text headers
# URL: http://www.mccode.org
# Creator:  3.99.99, git
# Instrument: ODIN_MCPL_baseline.instr
# Ncount: 12787302
# Trace: no
# Gravitation: no
# Seed: 1000
# Directory: Filterscan/0
# Nodes: 12
# Param: l_min=1
# Param: l_max=11
# Param: n_pulses=1
# Param: wfm_delta=0.3
# Param: bp_frequency=7
# Param: WFM1_phase_offset=0
# Param: jitter_wfmc_1=0
# Param: WFM2_phase_offset=0
# Param: jitter_wfmc_2=0
# Param: fo1_phase_offset=0
# Param: jitter_fo_chopper_1=0
# Param: bp1_phase_offset=0
# Param: jitter_bp1=0
# Param: fo2_phase_offset=0
# Param: jitter_fo_chopper_2=0
# Param: bp2_phase_offset=0
# Param: jitter_bp2=0
# Param: t0_phase_offset=0
# Param: jit_t0_sec=0
# Param: fo3_phase_offset=0
# Param: jitter_fo_chopper_3=0
# Param: fo4_phase_offset=0
# Param: jitter_fo_chopper_4=0
# Param: fo5_phase_offset=0
# Param: jitter_fo_chopper_5=0
# Param: choppers=2
# Param: repeat=1
# Param: v_smear=0.1
# Param: pos_smear=0.01
# Param: dir_smear=0.01
# Param: filter=0
# Date: Sun Mar  1 17:29:20 2026 (1772382560)
# type: array_1d(300)
# Source: ODIN_MCPL_baseline (ODIN_MCPL_baseline.instr)
# component: wavelength
# position: 49.4198 0 -35.0741
# title: Wavelength [Angs] monitor
# Ncount: 153447624
# filename: wavelength.dat
# statistics: X0=3.51872; dX=1.4352;
# signal: Min=0; Max=1.24212e+08; Mean=8.87464e+06;
# values: 2.66239e+09 2.63647e+08 2313
# xvar: L
# yvar: (I,I_err)
# xlabel: Wavelength [Angs]
# ylabel: Intensity [n/s/bin]
# xlimits: 0.5 10
# variables: L I I_err N
0.5158333333 0 0 0 
0.5475 0 0 0 
0.5791666667 0 0 0 
0.6108333333 0 0 0 
0.6425 0 0 0 
0.6741666667 0 0 0 
0.7058333333 0 0 0 
0.7375 0 0 0 
0.7691666667 0 0 0 
0.8008333333 0 0 0 
0.8325 0 0 0 
0.8641666667 0 0 0 
0.8958333333 0 0 0 
0.9275 0 0 0 
0.9591666667 0 0 0 
0.9908333333 1.502968559e-13 1.502968559e-13 1 
1.0225 344981.1578 367778.6863 7 
1.054166667 38299.16985 29857.33286 9 
1.085833333 2682248.142 1692031.964 23 
1.1175 304.5315077 298.3546658 28 
1.149166667 14595249.37 11421865.6 37 
1.180833333 2684737.45 1557486.618 41 
1.2125 5999735.478 3804796.703 44 
1.244166667 7299461.076 7218381.721 50 
1.275833333 975376.406 780227.022 42 
1.3075 18247521.53 16107603.33 42 
1.339166667 9232865.872 5713169.158 47 
1.370833333 27424551.78 18203182.54 48 
1.4025 14195909.59 9523904.822 52 
1.434166667 18759059.3 9104737.982 68 
1.465833333 8229662.41 6357914.927 47 
1.4975 1247806.36 959092.2722 57 
1.529166667 2145631.007 1684144.132 54 
1.560833333 23822515.22 11470602.33 53 
1.5925 5146700.845 2515148.89 43 
1.624166667 31081164.38 27604970.99 42 
1.655833333 51026093.6 32655338.32 40 
1.6875 26050738.37 17439839.57 49 
1.719166667 7349644.359 5164083.72 39 
1.750833333 4738389.947 4791199.874 41 
1.7825 23930884.26 22420027.78 45 
1.814166667 4190.007549 4219.598184 40 
1.845833333 10330488.64 5927748.228 36 
1.8775 9699192.309 5514982.688 41 
1.909166667 1068379.216 706598.4191 30 
1.940833333 804979.9239 500118.5343 31 
1.9725 14163959.81 12450743.07 38 
2.004166667 5988821.188 3204258.878 33 
2.035833333 1187231.039 1036861.601 33 
2.0675 35744971.09 32678326.56 25 
2.099166667 136101.8066 98939.01798 25 
2.130833333 8596955.498 6821349.85 34 
2.1625 1546991.668 1571700.812 30 
2.194166667 3598163.075 2996101.064 29 
2.225833333 3242094.999 2425675.815 25 
2.2575 19681807.59 12551316.69 20 
2.289166667 83767251.7 41732159.6 24 
2.320833333 23592179.72 23476745.2 22 
2.3525 172941.2387 150483.9272 21 
2.384166667 409733.3136 427112.776 11 
2.415833333 2129034.69 2275088.35 7 
2.4475 7080395.728 7463153.857 9 
2.479166667 95908.13962 110743.1739 3 
2.510833333 7976541.109 7981824.287 10 
2.5425 10183523.4 8534449.671 10 
2.574166667 36819296.92 26069848.6 19 
2.605833333 97586457.07 59250634.05 21 
2.6375 48764498.75 28967874.9 17 
2.669166667 16685.10739 17104.95685 11 
2.700833333 77036224.67 80796273.91 10 
2.7325 5407635.536 5523861.63 19 
2.764166667 67411538.71 37584173.58 19 
2.795833333 8183664.754 4721070.563 12 
2.8275 527051.9931 549013.7648 11 
2.859166667 20482490.47 12445485.73 14 
2.890833333 90643116.57 53329467.65 12 
2.9225 88391404.77 82011727.69 8 
2.954166667 16192088.49 9802107.894 9 
2.985833333 32756087.52 33764198.81 16 
3.0175 32942707.56 20314405.66 12 
3.049166667 5788717.476 4595437.629 17 
3.080833333 13652495.81 10954406.5 13 
3.1125 77702940.81 44148773.25 17 
3.144166667 29237582.94 19976448.29 16 
3.175833333 43414494.12 42683219.89 12 
3.2075 4881836.58 4788343.524 9 
3.239166667 6927957.019 7166067.6 12 
3.270833333 24915921.59 18965415.12 11 
3.3025 26436154.78 28959356.61 5 
3.334166667 18357389.56 18937431.92 9 
3.365833333 28629906.37 28643091.32 11 
3.3975 124211865.6 105748308.4 11 
3.429166667 34410997.73 29258316.09 10 
3.460833333 302088.5281 293028.2185 8 
3.4925 90174378.62 68266571.55 11 
3.524166667 8280082.356 6084496.835 12 
3.555833333 6764939.831 5254579.358 6 
3.5875 8252374.128 6558898.096 6 
3.619166667 11763906.38 7541066.187 9 
3.650833333 476534.8467 354875.2475 7 
3.6825 4336.545376 4587.097264 8 
3.714166667 1697233.053 1959795.725 3 
3.745833333 8337476.771 9321582.306 4 
3.7775 9068254.83 7305170.429 6 
3.809166667 4795693.254 5537589.582 3 
3.840833333 1212205.859 1356287.448 3 
3.8725 8237344.153 9142995.029 4 
3.904166667 52689394.01 39693269.76 7 
3.935833333 3329851.839 3329851.839 1 
3.9675 0.00275138152 0.003177021151 3 
3.999166667 275934.2491 302267.2352 5 
4.030833333 28788113.14 21020336.61 9 
4.0625 154.2805199 117.5805797 2 
4.094166667 4363465.303 5038487.177 3 
4.125833333 25787604.88 31583236.82 2 
4.1575 4612962.891 4216984.84 3 
4.189166667 12058157.77 9626188.755 9 
4.220833333 478.0459411 365.9701168 3 
4.2525 224180.2914 274563.6622 2 
4.284166667 3205623.69 3701535.401 3 
4.315833333 9447843.863 11571171.66 2 
4.3475 1948338.476 2249747.482 3 
4.379166667 10091913.9 10768738.58 4 
4.410833333 9542422.834 11687033.43 2 
4.4425 1066534.772 1151938.594 6 
4.474166667 43519780.9 50252314.44 3 
4.505833333 7032220.982 3795862.305 6 
4.5375 27780916.69 31059792.83 4 
4.569166667 38801270.84 24909294.41 7 
4.600833333 3015040.865 3692655.836 2 
4.6325 16435.53202 20129.33355 2 
4.664166667 95.40352108 116.8449732 2 
4.695833333 12826920.72 8956186.752 4 
4.7275 19871890.66 17276263.9 3 
4.759166667 12615595.56 9764823.252 3 
4.790833333 45825496.56 29371123.43 6 
4.8225 14171122.95 8722501.647 4 
4.854166667 2.009606389e-08 2.009606389e-08 1 
4.885833333 59171.99446 68325.93384 3 
4.9175 29706501.1 20543989.16 6 
4.949166667 28290812.89 29965022.42 2 
4.980833333 14227229.77 10273606.8 2 
5.0125 1.590001077e-22 1.590001077e-22 1 
5.044166667 5054561.139 6190547.833 2 
5.075833333 9.598997484e-12 9.598997484e-12 1 
5.1075 36947661.96 26411315.84 2 
5.139166667 1349355.019 1644267.499 2 
5.170833333 69762.53752 69762.53752 1 
5.2025 33144867.91 26423739.02 2 
5.234166667 3.51723647e-21 3.51723647e-21 1 
5.265833333 0 0 0 
5.2975 52566292.44 64377364.78 2 
5.329166667 0 0 0 
5.360833333 7029972.087 7841194.974 4 
5.3925 17.12888855 17.12888855 1 
5.424166667 40153.50717 40153.50717 1 
5.455833333 3317749.219 3702496.935 3 
5.4875 0 0 0 
5.519166667 0.08322930524 0.1019346647 2 
5.550833333 4012360.635 4012360.635 1 
5.5825 5485969.422 6666070.462 2 
5.614166667 37121515.71 33466495.49 7 
5.645833333 0 0 0 
5.6775 5.570152352e-15 5.570152352e-15 1 
5.709166667 0 0 0 
5.740833333 8756.654436 10111.31359 3 
5.7725 3.183339059e-17 3.183339059e-17 1 
5.804166667 44669682.38 34022613.73 4 
5.835833333 0.0009344113392 0.0009344113392 1 
5.8675 0 0 0 
5.899166667 0 0 0 
5.930833333 2.448993576e-05 2.999392322e-05 2 
5.9625 3969272.399 4861319.431 2 
5.994166667 129188.7779 129188.7779 1 
6.025833333 11074958.67 11074958.67 1 
6.0575 19291014.72 19291014.72 1 
6.089166667 0 0 0 
6.120833333 18346491.14 17209121.94 2 
6.1525 8457774.359 10354510.13 2 
6.184166667 3.961520726 3.961520726 1 
6.215833333 0 0 0 
6.2475 0 0 0 
6.279166667 11547824.56 11547824.56 1 
6.310833333 0 0 0 
6.3425 1.432316075e-11 1.432316075e-11 1 
6.374166667 0 0 0 
6.405833333 0 0 0 
6.4375 3.152310651e-13 3.152310651e-13 1 
6.469166667 0 0 0 
6.500833333 1118.967575 1118.967575 1 
6.5325 2777566.427 2777566.427 1 
6.564166667 15590124.62 15590124.62 1 
6.595833333 0 0 0 
6.6275 0 0 0 
6.659166667 0 0 0 
6.690833333 9.316318509 11.41011331 2 
6.7225 1999990.962 1999990.962 1 
6.754166667 5281662.194 5281662.194 1 
6.785833333 0 0 0 
6.8175 0 0 0 
6.849166667 0.01034005732 0.01034005732 1 
6.880833333 18873797.49 18873797.49 1 
6.9125 1999.162513 1999.162513 1 
6.944166667 0 0 0 
6.975833333 0 0 0 
7.0075 0.0003229368518 0.0003954376901 2 
7.039166667 0 0 0 
7.070833333 6635.863154 8127.239175 2 
7.1025 715691.7782 715691.7782 1 
7.134166667 0 0 0 
7.165833333 9887177.241 7257668.831 4 
7.1975 26415812.27 26415812.27 1 
7.229166667 0 0 0 
7.260833333 0 0 0 
7.2925 0 0 0 
7.324166667 6829.114881 6829.114881 1 
7.355833333 0 0 0 
7.3875 0 0 0 
7.419166667 0 0 0 
7.450833333 0 0 0 
7.4825 0 0 0 
7.514166667 0 0 0 
7.545833333 0 0 0 
7.5775 0 0 0 
7.609166667 9932598.352 9932598.352 1 
7.640833333 0 0 0 
7.6725 0 0 0 
7.704166667 0 0 0 
7.735833333 1917493.998 2348440.94 2 
7.7675 0 0 0 
7.799166667 0 0 0 
7.830833333 0 0 0 
7.8625 0 0 0 
7.894166667 0 0 0 
7.925833333 0 0 0 
7.9575 3464.322299 3464.322299 1 
7.989166667 13685360.41 13685360.41 1 
8.020833333 0 0 0 
8.0525 0 0 0 
8.084166667 0 0 0 
8.115833333 4.86069283e-06 4.86069283e-06 1 
8.1475 0 0 0 
8.179166667 13.7659448 12.61004663 3 
8.210833333 0 0 0 
8.2425 0 0 0 
8.274166667 179.7592053 179.7592053 1 
8.305833333 7.441254265e-22 7.441254265e-22 1 
8.3375 321.7848428 321.7848428 1 
8.369166667 0 0 0 
8.400833333 0 0 0 
8.4325 6891802.625 6891802.625 1 
8.464166667 0 0 0 
8.495833333 0 0 0 
8.5275 0 0 0 
8.559166667 0 0 0 
8.590833333 0 0 0 
8.6225 0 0 0 
8.654166667 0 0 0 
8.685833333 0 0 0 
8.7175 25103.75439 25103.75439 1 
8.749166667 0 0 0 
8.780833333 0 0 0 
8.8125 0 0 0 
8.844166667 0 0 0 
8.875833333 0 0 0 
8.9075 0 0 0 
8.939166667 0 0 0 
8.970833333 0 0 0 
9.0025 0 0 0 
9.034166667 0 0 0 
9.065833333 0 0 0 
9.0975 0 0 0 
9.129166667 0 0 0 
9.160833333 0 0 0 
9.1925 0 0 0 
9.224166667 0 0 0 
9.255833333 0 0 0 
9.2875 0 0 0 
9.319166667 0 0 0 
9.350833333 0 0 0 
9.3825 0 0 0 
9.414166667 0 0 0 
9.445833333 0 0 0 
9.4775 0 0 0 
9.509166667 0 0 0 
9.540833333 0 0 0 
9.5725 0 0 0 
9.604166667 0 0 0 
9.635833333 0 0 0 
9.6675 0 0 0 
9.699166667 0 0 0 
9.730833333 0 0 0 
9.7625 0 0 0 
9.794166667 0 0 0 
9.825833333 0 0 0 
9.8575 0 0 0 
9.889166667 0 0 0 
9.920833333 0 0 0 
9.9525 0 0 0 
9.984166667 0 0 0 
